-100.998
-108.719
-96.366
-67.249
-28.462
10.877
41.876
58.06
56.942
40.576
14.956
-11.599
-30.656
-35.912
-24.903
0.274
33.425
65.791
88.271
93.792
79.191
46.154
0.938
-47.06
-87.534
-111.761
-114.722
-96.31
-61.345
-18.353
22.557
52.197
64.559
58.249
36.744
7.405
-20.499
-38.256
-40.017
-24.375
5.207
41.241
74.097
94.475
95.83
76.118
38.436
-9.64
-57.836
-95.667
-114.973
-111.906
-87.84
-48.986
-4.821
34.288
59.65
66.372
54.492
28.856
-2.231
-29.228
-43.876
-41.378
-21.673
10.516
46.874
77.616
94.013
90.66
66.922
27.179
-20.184
-64.804
-96.861
-109.468
-100.329
-72.251
-32.392
9.561
43.815
62.89
63.416
46.871
19.076
-11.395
-35.495
-46.077
-39.745
-17.739
14.389
48.207
74.575
86
78.579
53.033
14.572
-28.362
-66.163
-90.415
-95.932
-81.994
-52.454
-14.725
22.104
49.533
61.728
56.89
37.591
9.993
-17.808
-37.917
-44.67
-36.076
-14.293
14.959
43.895
64.677
71.427
61.731
37.27
3.403
-32.16
-61.263
-77.307
-76.848
-60.387
-32.194
0.816
30.814
50.996
57.212
48.911
29.161
3.77
-20.257
-36.518
-40.832
-32.254
-13.246
11.004
33.955
49.398
53.043
43.589
23.041
-3.808
-30.589
-50.938
-60.06
-55.883
-39.524
-14.967
11.956
35.009
49.065
51.308
41.844
23.578
1.413
-19.016
-32.756
-36.726
-30.428
-15.978
2.493
19.942
31.698
34.64
27.952
13.292
-5.652
-24.102
-37.388
-42.093
-36.883
-22.804
-3.016
17.993
35.49
45.612
46.259
37.537
21.679
2.454
-15.763
-29.031
-34.756
-32.242
-22.782
-9.259
4.614
15.227
19.965
17.819
9.6
-2.3
-14.523
-23.597
-26.794
-22.81
-12.095
3.239
19.905
34.201
42.869
43.846
36.736
22.897
5.124
-12.988
-27.861
-36.726
-38.222
-32.656
-21.881
-8.807
3.31
11.66
14.538
11.733
4.554
-4.527
-12.5
-16.595
-14.996
-7.338
5.15
19.885
33.507
42.664
44.816
38.87
25.485
6.981
-13.154
-31.025
-43.211
-47.529
-43.529
-32.576
-17.508
-1.943
10.593
17.52
17.818
12.252
3.156
-6.185
-12.402
-12.946
-6.795
5.208
20.494
35.346
45.802
48.649
42.268
27.115
5.711
-17.884
-38.977
-53.333
-58.167
-52.807
-38.853
-19.783
-0.1
15.773
24.576
25.006
18.009
6.507
-5.396
-13.512
-14.711
-7.796
6.105
23.755
40.58
51.814
53.742
44.702
25.614
-0.143
-27.462
-50.697
-65.004
-67.52
-58.05
-39.124
-15.364
7.664
24.825
32.693
30.379
19.71
4.715
-9.475
-18.011
-17.652
-7.679
9.837
30.511
48.731
59.107
57.899
44.055
19.595
-10.779
-40.771
-63.986
-75.492
-73.026
-57.549
-33.004
-5.325
19.046
34.772
38.939
31.753
16.423
-1.726
-16.698
-23.452
-19.281
-4.592
17.138
40.208
58.156
65.447
58.961
38.891
8.813
-25.116
-55.617
-76.067
-82.122
-72.792
-50.673
-21.289
8.308
31.305
42.842
41.193
28.157
8.515
-11.275
-24.825
-27.547
-17.914
2.076
27.371
51.143
66.558
68.588
55.376
28.819
-5.808
-41.095
-69.302
-84.261
-82.898
-65.992
-37.955
-5.708
23.074
41.894
47.05
38.525
19.914
-2.58
-21.826
-31.693
-28.7
-12.985
11.68
38.838
61.006
71.639
66.871
46.591
14.572
-22.402
-56.176
-79.239
-86.577
-76.915
-53.014
-20.946
11.45
36.558
48.897
46.471
31.209
8.385
-14.817
-31.243
-35.68
-26.268
-5.029
22.634
49.315
67.535
71.711
59.654
33.208
-2.133
-38.559
-67.86
-83.472
-82.099
-64.522
-35.368
-1.922
27.732
46.757
51.262
41.238
20.482
-4.463
-26.069
-37.832
-36.006
-20.609
4.557
32.881
56.658
69.102
66.138
47.508
16.905
-18.91
-51.777
-74.163
-81.044
-71.146
-47.238
-15.402
16.524
40.937
52.379
48.876
32.376
8.168
-16.555
-34.606
-40.707
-32.876
-12.957
13.858
40.384
59.307
65.111
55.526
32.165
0.152
-33.141
-59.935
-73.994
-72.177
-55.209
-27.467
4.149
31.975
49.514
53.055
42.551
21.562
-3.728
-26.164
-39.495
-40.006
-27.471
-5.201
20.83
43.552
56.641
56.175
41.667
16.217
-14.254
-42.492
-61.735
-67.411
-58.273
-36.69
-8.029
20.721
42.711
52.944
49.491
33.918
10.818
-13.423
-32.296
-40.848
-36.943
-21.78
0.456
23.698
41.594
49.155
44.052
27.215
2.609
-23.78
-45.459
-57.065
-55.714
-41.712
-18.458
8.425
32.51
48.172
51.963
43.434
25.182
2.133
-19.741
-34.951
-39.872
-33.619
-18.219
1.961
21.378
34.756
38.442
31.335
15.151
-6.026
-26.798
-41.823
-47.17
-41.296
-25.43
-3.253
20.025
38.957
49.193
48.524
37.377
18.663
-2.994
-22.424
-35.189
-38.649
-32.557
-19.046
-2.022
13.866
24.421
26.953
20.932
8.09
-8.052
-23.092
-32.875
-34.536
-27.224
-12.31
6.938
26.158
40.937
47.871
45.356
33.948
16.196
-3.989
-22.272
-34.913
-39.616
-36.007
-25.647
-11.581
2.453
12.958
17.524
15.39
7.589
-3.356
-14.084
-21.258
-22.407
-16.557
-4.496
11.387
27.639
40.545
46.992
45.194
35.119
18.514
-1.476
-21.005
-36.369
-44.821
-45.15
-37.91
-25.245
-10.352
3.285
12.718
16.216
13.649
6.486
-2.595
-10.391
-14
-11.569
-2.821
10.814
26.462
40.448
49.143
49.845
41.467
24.876
2.783
-20.801
-41.416
-55.145
-59.492
-53.947
-40.109
-21.306
-1.819
14.131
23.385
24.589
18.513
7.829
-3.578
-11.62
-13.093
-6.565
7.163
25.153
42.975
55.766
59.446
51.798
33.13
6.352
-23.593
-50.806
-69.78
-76.699
-70.351
-52.451
-27.243
-0.502
21.862
35.232
37.41
29.141
13.894
-3.042
-15.958
-20.245
-13.661
2.98
25.907
49.257
66.523
72.219
63.345
40.289
6.891
-30.344
-63.727
-86.198
-93.033
-83.009
-58.728
-26.003
7.546
34.364
48.818
48.577
35.167
13.541
-9.233
-25.837
-30.657
-21.324
0.576
29.802
58.721
79.237
84.88
72.555
43.465
2.975
-40.574
-77.837
-100.713
-104.333
-88.268
-56.648
-17.154
20.882
48.789
60.706
55.019
34.715
6.568
-20.663
-38.54
-41.196
-26.93
1.266
36.394
69.193
90.499
93.636
76.208
40.843
-5.333
-52.36
-89.845
-109.513
-107.236
-84.062
-45.937
-2.226
36.635
61.741
67.924
55.006
27.776
-5.31
-34.358
-50.644
-48.919
-28.823
4.959
43.856
77.578
96.761
95.409
72.497
32.335
-16.418
-62.852
-96.479
-109.819
-100.246
-70.609
-28.501
15.672
51.305
70.247
68.808
48.626
16.161
-19.028
-46.799
-59.078
-51.97
-26.791
10.247
49.616
80.91
95.522
88.88
61.655
19.658
-27.581
-69.161
-95.519
-100.789
-84.236
-50.397
-7.897
32.745
61.767
72.594
63.441
37.677
2.883
-31.159
-55.017
-62.045
-50.091
-22.039
14.947
51.272
77.375
86.188
74.947
45.91
5.795
-35.899
-69.281
-86.526
-83.811
-62.229
-27.456
11.717
45.629
66.169
68.781
53.54
25.048
-8.822
-38.985
-57.485
-59.514
-44.605
-16.702
16.895
47.431
66.945
70.3
56.471
28.788
-5.94
-39.161
-62.742
-71.004
-62.114
-38.498
-6.177
26.788
52.335
64.408
60.428
41.866
13.79
-16.487
-41.286
-54.507
-53.128
-37.903
-13.094
14.688
38.2
51.425
51.079
37.4
14.038
-12.923
-36.538
-50.763
-51.972
-39.834
-17.354
9.925
35.33
52.734
58.053
50.216
31.355
6.212
-19.096
-38.616
-48.016
-45.599
-32.633
-12.941
8.145
25.167
33.921
32.479
21.617
4.546
-13.959
-28.807
-35.89
-33.107
-20.875
-1.989
19.087
37.342
48.445
49.782
41.048
24.275
3.284
-17.268
-33.014
-40.896
-39.83
-30.873
-16.858
-1.627
10.96
17.973
18.1
11.902
1.6
-9.544
-18.084
-21.277
-17.772
-7.937
6.229
21.585
34.607
42.224
42.531
35.223
21.644
4.464
-12.952
-27.302
-36.07
-38.045
-33.525
-24.167
-12.532
-1.453
6.649
10.303
9.296
4.66
-1.636
-7.208
-9.878
-8.233
-1.994
7.884
19.41
29.999
37.071
38.649
33.836
23.052
7.977
-8.78
-24.237
-35.663
-41.162
-40.068
-33.064
-22
-9.454
1.868
9.759
13.007
11.652
6.942
0.993
-3.773
-5.261
-2.281
5.102
15.514
26.559
35.363
39.279
36.561
26.854
11.372
-7.302
-25.742
-40.432
-48.564
-48.685
-41.049
-27.558
-11.322
4.081
15.459
20.769
19.601
13.249
4.359
-3.783
-8.129
-6.708
0.801
12.911
26.64
38.23
44.098
41.787
30.664
12.192
-10.316
-32.424
-49.59
-58.253
-56.698
-45.491
-27.356
-6.525
12.299
25.091
29.497
25.4
14.924
1.85
-9.395
-14.934
-12.504
-2.116
13.874
31.315
45.302
51.448
47.072
31.973
8.606
-18.424
-43.428
-60.999
-67.337
-61.202
-44.234
-20.566
4.198
24.377
35.628
36.031
26.541
10.713
-6.259
-18.935
-23.096
-16.907
-1.465
19.418
40.162
54.847
58.779
49.767
28.791
-0.13
-30.863
-56.628
-71.676
-72.719
-59.767
-36.134
-7.62
18.953
37.449
43.971
37.822
21.653
0.737
-18.447
-29.941
-29.921
-17.754
3.772
29.12
51.415
64.231
63.302
47.7
20.178
-13.433
-45.629
-69.084
-78.479
-71.85
-51.082
-21.444
9.749
34.986
48.466
47.562
33.457
10.807
-13.516
-32.247
-39.672
-33.166
-13.933
13.253
41.259
62.429
70.596
62.725
39.783
6.571
-29.419
-59.864
-77.69
-78.863
-63.404
-35.392
-1.913
28.736
49.169
54.782
44.911
22.967
-4.492
-29.496
-44.78
-45.711
-31.538
-5.63
25.368
53.242
70.347
71.611
55.907
26.405
-10.177
-45.238
-70.459
-79.906
-71.537
-47.712
-14.587
19.465
45.998
58.645
54.737
35.951
7.844
-21.624
-44.187
-53.453
-46.584
-25.066
5.659
37.591
62.241
72.848
66.152
43.278
9.49
-27.12
-57.684
-74.802
-74.427
-56.891
-26.803
8.133
39.103
58.435
61.553
48.127
22.122
-9.263
-37.483
-54.879
-56.68
-42.239
-15.209
17.407
47.07
65.921
68.826
54.716
26.882
-7.855
-40.885
-64.002
-71.501
-61.631
-37.023
-4.01
29.013
53.734
64.052
57.613
36.385
6.115
-25.18
-49.295
-59.956
-54.43
-34.21
-4.607
26.64
51.373
63.13
58.804
39.444
9.97
-22.095
-48.566
-62.694
-60.889
-43.63
-15.322
16.843
44.736
61.36
62.625
48.365
22.337
-8.763
-37.04
-55.421
-59.445
-48.372
-25.322
3.567
30.751
49.231
54.347
44.949
23.662
-3.821
-30.233
-48.612
-54.085
-45.114
-23.867
4.347
32.445
53.377
61.904
55.903
36.874
9.52
-19.467
-43.11
-55.891
-55.107
-41.487
-18.934
6.53
28.335
41.044
41.714
30.603
11.04
-11.48
-30.739
-41.411
-40.42
-27.721
-6.29
18.641
40.911
54.98
57.3
47.178
26.911
1.185
-24.109
-43.328
-52.438
-49.948
-37.187
-17.885
2.835
19.772
28.953
28.583
19.43
4.55
-11.551
-24.112
-29.343
-25.387
-12.786
5.669
25.635
42.293
51.528
50.922
40.315
21.824
-0.688
-22.543
-39.344
-47.974
-47.265
-38.178
-23.479
-7
7.321
16.384
18.637
14.371
5.574
-4.641
-12.853
-16.212
-13.158
-3.818
10.017
25.309
38.487
46.283
46.496
38.513
23.457
3.955
-16.435
-33.991
-45.624
-49.514
-45.466
-34.892
-20.446
-5.393
7.135
14.846
16.769
13.43
6.678
-0.807
-6.195
-7.224
-2.793
6.715
19.47
32.568
42.687
46.866
43.234
31.517
13.196
-8.733
-30.351
-47.648
-57.394
-57.865
-49.243
-33.587
-14.379
4.27
18.568
25.92
25.534
18.592
7.941
-2.632
-9.385
-9.605
-2.373
11.117
27.755
43.22
53.034
53.694
43.633
23.738
-2.715
-30.718
-54.633
-69.503
-72.235
-62.372
-42.246
-16.461
9.187
29.104
39.25
38.129
27.153
10.271
-7.049
-19.247
-22.143
-14.094
3.486
26.388
48.606
63.83
67.086
56.085
31.943
-0.94
-35.834
-65.24
-82.7
-84.384
-70.07
-43.238
-10.257
21.165
43.872
53.042
47.38
29.431
4.921
-18.732
-34.36
-36.938
-24.96
-0.916
29.256
57.632
76.312
79.48
64.971
34.96
-4.456
-44.664
-76.618
-93.062
-90.347
-69.363
-35.348
3.393
37.554
59.147
63.507
50.454
24.317
-7.193
-34.989
-50.976
-50.187
-32.125
-0.961
35.467
67.631
86.746
87.06
67.396
31.558
-12.535
-54.766
-85.313
-97.104
-87.592
-59.403
-19.689
21.67
54.545
71.114
67.824
46.269
12.757
-23.333
-51.983
-65.132
-58.791
-34.099
2.923
42.882
75.403
91.79
87.276
62.293
22.417
-22.987
-63.099
-88.35
-92.827
-75.757
-41.691
0.653
40.606
68.247
76.911
64.858
35.682
-2.636
-39.8
-65.854
-73.742
-61.13
-31.011
9.06
48.886
78.246
89.498
79.547
50.643
9.817
-32.892
-66.977
-84.119
-80.283
-56.712
-19.595
21.531
56.214
75.743
75.341
55.355
21.124
-18.412
-53.015
-73.772
-75.355
-57.364
-24.398
15.144
51.229
74.747
79.834
65.341
35.094
-3.104
-39.492
-64.841
-72.803
-61.498
-33.968
2.637
38.9
65.549
75.806
67.084
41.614
5.834
-31.273
-60.475
-74.621
-70.424
-49.237
-16.654
18.969
48.665
65.141
64.604
47.669
19.143
-13.266
-40.958
-56.659
-56.264
-39.863
-11.684
21.026
49.863
67.411
69.112
54.396
26.782
-7.042
-38.931
-61.336
-69.172
-61.037
-39.487
-10.302
19.036
41.267
51.183
46.893
30.224
6.171
-18.46
-36.84
-43.877
-37.514
-19.224
6.399
32.835
53.313
62.522
57.939
40.43
13.998
-15.243
-40.614
-56.507
-59.74
-50.258
-31.048
-7.304
14.947
30.374
35.657
30.251
16.428
-1.399
-17.878
-28.134
-29.03
-19.954
-2.954
17.806
37.121
50.064
53.213
45.489
28.397
5.621
-17.892
-37.151
-48.298
-49.492
-41.258
-26.255
-8.534
7.518
18.269
21.703
17.838
8.621
-2.655
-12.264
-17.029
-15.139
-6.608
6.749
21.783
34.804
42.496
42.721
35.033
20.762
2.686
-15.63
-30.67
-39.746
-41.57
-36.465
-26.203
-13.507
-1.365
7.685
12.12
11.73
7.572
1.633
-3.726
-6.395
-5.056
0.485
9.25
19.319
28.291
33.856
34.335
29.086
18.661
4.705
-10.394
-24.006
-33.809
-38.264
-36.911
-30.425
-20.434
-9.131
1.218
8.77
12.487
12.331
9.22
4.765
0.847
-0.862
0.662
5.512
12.795
20.804
27.409
30.559
28.794
21.645
9.814
-4.905
-19.964
-32.595
-40.407
-41.928
-36.951
-26.601
-13.097
0.745
12.151
19.034
20.472
16.917
10.062
2.407
-3.399
-5.252
-2.177
5.372
15.566
25.623
32.495
33.656
27.799
15.259
-1.962
-20.589
-36.798
-47.118
-49.275
-42.77
-29.041
-11.156
6.91
21.227
28.87
28.638
21.35
9.626
-2.793
-12.029
-15.098
-10.732
0.233
15.014
29.555
39.565
41.646
34.238
18.117
-3.692
-26.582
-45.456
-55.985
-55.696
-44.627
-25.363
-2.426
18.831
33.552
38.598
33.342
19.824
2.22
-14.246
-24.683
-25.833
-16.979
-0.185
20.186
38.568
49.639
49.736
37.877
16.11
-10.909
-37.033
-56.134
-63.658
-57.794
-39.972
-14.536
12.323
34.126
45.744
44.709
31.849
11.07
-11.658
-29.861
-38.268
-34.223
-18.429
5.182
30.431
50.474
59.592
54.721
36.316
8.318
-22.78
-49.55
-65.502
-66.749
-53.028
-27.794
2.632
30.66
49.365
54.266
44.478
22.947
-4.314
-29.782
-46.394
-49.406
-37.665
-13.951
15.699
43.533
62.09
66.153
54.145
28.597
-4.445
-36.925
-60.826
-70.221
-62.809
-40.526
-9.075
23.526
48.99
60.897
56.351
36.733
7.353
-23.922
-48.704
-60.274
-55.343
-34.933
-4.146
29.136
56.274
70.115
66.86
47.076
15.588
-19.735
-49.991
-67.524
-67.91
-51.102
-21.464
13.345
44.332
63.487
65.855
50.819
22.271
-12.384
-44.133
-64.685
-68.615
-54.775
-26.607
8.739
42.241
65.327
72.092
60.829
34.469
-0.162
-34.105
-58.582
-67.26
-57.898
-32.93
1.157
35.487
61.087
71.201
63.039
38.506
3.723
-32.543
-61.118
-74.778
-70.093
-48.301
-14.977
21.405
51.66
68.243
67.187
49.095
18.968
-15.115
-44.095
-60.29
-59.382
-41.535
-11.354
23.305
53.36
70.847
70.971
53.35
22.115
-15.135
-49.271
-71.947
-77.716
-65.386
-38.29
-3.402
30.474
54.961
64.241
56.506
34.376
4.165
-25.79
-47.309
-54.501
-45.281
-21.909
9.602
41.042
64.116
72.577
63.83
39.597
5.482
-30.448
-59.693
-75.447
-74.283
-56.958
-28.161
4.729
33.552
51.436
54.513
42.839
20.299
-6.471
-29.846
-43.212
-42.684
-28.1
-3.05
26.051
51.624
66.857
67.451
52.704
25.686
-7.528
-39.385
-62.717
-72.495
-67.019
-48.259
-21.28
7.098
30.037
42.39
41.938
29.86
10.326
-10.655
-26.837
-33.375
-28.066
-11.913
11.156
35.291
54.218
62.825
58.442
41.508
15.455
-14.141
-40.921
-59.273
-65.647
-59.341
-42.573
-19.842
3.244
21.372
30.811
30.255
21.045
6.715
-7.992
-18.391
-21.068
-14.751
-0.62
17.996
36.467
50.018
54.908
49.349
33.944
11.541
-13.442
-36.045
-51.91
-58.244
-54.398
-41.927
-24.137
-5.243
10.648
20.492
22.958
18.651
9.86
-0.095
-7.739
-10.336
-6.575
3.102
16.601
30.685
41.746
46.674
43.605
32.387
14.645
-6.549
-27.337
-43.903
-53.297
-54.044
-46.441
-32.443
-15.197
1.681
14.913
22.279
23.071
18.199
9.919
1.24
-4.832
-6.052
-1.517
8.077
20.554
32.753
41.266
43.27
37.245
23.423
3.825
-18.103
-38.215
-52.565
-58.3
-54.326
-41.58
-22.845
-2.136
16.214
28.553
32.755
28.715
18.353
5.135
-6.805
-13.716
-13.206
-4.905
9.378
26.037
40.532
48.511
46.949
34.983
14.252
-11.375
-36.638
-56.096
-65.425
-62.49
-47.908
-24.954
1.177
24.602
40.168
44.706
37.822
21.992
1.95
-16.513
-28.033
-29.071
-18.877
0.251
23.477
44.619
57.703
58.524
45.793
21.581
-9.088
-39.39
-62.346
-72.548
-67.529
-48.428
-19.762
11.646
38.335
54.055
55.335
42.363
18.953
-8.41
-32.219
-45.87
-45.382
-30.47
-4.675
25.479
52.118
68.024
68.508
52.678
23.751
-11.673
-45.208
-68.765
-76.592
-66.748
-41.637
-7.444
27.381
54.242
66.556
61.432
40.418
9.125
-24.188
-50.709
-63.338
-58.521
-37.194
-4.592
31.056
60.606
76.331
73.921
53.623
20.229
-18.096
-51.853
-72.619
-75.185
-58.907
-27.898
9.991
45.14
68.604
74.382
60.963
31.728
-5.895
-42.303
-68.159
-76.772
-65.815
-37.929
-0.069
38.254
67.393
80.021
73.001
48.198
12.007
-26.274
-56.814
-71.767
-67.284
-44.506
-9.289
29.281
61.2
78.107
75.417
53.515
17.67
-23.284
-59.18
-81.09
-83.586
-66.101
-33.068
7.223
44.738
70.249
77.668
65.579
37.561
1.239
-33.697
-57.993
-65.218
-53.416
-25.61
10.974
46.764
72.295
80.637
69.182
40.319
0.848
-39.735
-71.629
-87.187
-82.828
-59.904
-24.317
15.01
48.414
67.941
69.331
53.049
24.091
-9.36
-38.087
-54.236
-53.35
-35.512
-5.313
29.341
59.268
76.376
75.742
56.886
23.899
-15.574
-52.263
-77.588
-85.788
-75.328
-49.221
-14.205
21.007
47.949
60.526
56.502
37.981
10.769
-17.199
-37.963
-45.614
-37.827
-16.448
13
42.755
64.826
73.05
64.679
41.088
7.433
-28.637
-58.893
-76.562
-77.976
-63.417
-36.97
-5.417
23.518
43.122
49.345
41.748
23.498
0.446
-20.462
-33.033
-33.448
-21.241
0.594
26.398
49.321
63.089
63.623
50.076
25.059
-6.016
-36.279
-59.099
-69.694
-66.25
-50.29
-26.198
-0.055
21.927
34.945
36.75
28.115
12.514
-4.879
-18.598
-24.336
-20.071
-6.571
12.817
33.055
48.715
55.377
50.756
35.278
11.982
-14.237
-37.825
-53.908
-59.435
-53.852
-39.14
-19.242
0.974
16.941
25.493
25.575
18.394
6.995
-4.612
-12.548
-14.085
-8.349
3.468
18.438
32.657
42.249
44.346
37.812
23.524
4.167
-16.42
-34.146
-45.619
-48.901
-43.893
-32.279
-17.046
-1.716
10.499
17.44
18.441
14.389
7.398
0.198
-4.603
-5.196
-1.028
7.076
17.133
26.506
32.568
33.348
28.025
17.134
2.456
-13.369
-27.436
-37.202
-41.026
-38.496
-30.47
-18.843
-6.089
5.3
13.353
17.027
16.372
12.454
7.036
2.117
-0.576
-0.015
3.873
10.184
17.245
23.021
25.601
23.68
16.904
6.011
-7.283
-20.616
-31.477
-37.75
-38.183
-32.682
-22.347
-9.248
4.023
14.919
21.508
22.894
19.415
12.535
4.486
-2.3
-5.795
-4.907
0.225
8.23
16.819
23.35
25.503
21.903
12.54
-1.142
-16.506
-30.306
-39.442
-41.712
-36.386
-24.429
-8.328
8.464
22.333
30.368
31.076
24.749
13.407
0.292
-10.944
-17.18
-16.639
-9.383
2.664
16.175
27.258
32.467
29.733
18.966
2.169
-16.984
-34.021
-44.772
-46.435
-38.325
-22.11
-1.452
18.86
34.082
40.706
37.353
25.141
7.427
-11.033
-25.299
-31.52
-27.952
-15.45
2.719
21.681
36.209
42.084
37.237
22.346
0.74
-22.392
-41.289
-51.09
-49.105
-35.549
-13.555
11.571
33.666
47.263
48.999
38.495
18.491
-5.828
-28.14
-42.606
-45.385
-35.653
-15.854
8.9
32.121
47.623
51.133
41.442
20.77
-5.759
-31.396
-49.494
-55.233
-46.9
-26.383
1.262
29.064
49.909
58.369
52.122
32.587
4.604
-24.773
-48.067
-59.295
-55.522
-37.641
-10.169
19.885
44.817
58.213
56.62
40.459
13.949
-15.964
-41.389
-55.537
-54.507
-38.329
-11.007
20.471
47.912
64.025
64.317
48.295
19.638
-14.695
-46.217
-67.062
-72.001
-59.792
-33.511
0.222
32.925
56.427
64.966
56.67
34.036
3.287
-27.247
-49.295
-56.805
-47.549
-23.731
8.545
40.823
64.469
72.915
63.38
37.637
1.617
-36.065
-66.27
-81.65
-78.512
-57.753
-24.631
12.577
44.689
63.958
66.036
51.064
23.601
-8.586
-36.559
-52.551
-52.003
-34.776
-5.21
28.968
58.635
75.625
74.857
55.689
22.13
-18.124
-55.606
-81.446
-89.598
-78.342
-50.701
-13.649
23.676
52.296
65.659
61.264
41.246
11.758
-18.676
-41.404
-49.924
-41.584
-18.293
13.957
46.631
70.848
79.682
69.969
43.165
5.024
-35.813
-69.954
-89.595
-90.438
-72.731
-41.155
-3.601
30.842
54.183
61.51
52.167
29.825
1.449
-24.568
-40.625
-41.908
-27.644
-1.315
30.238
58.576
75.836
76.766
60.097
28.905
-10.119
-48.309
-77.153
-90.374
-85.438
-64.116
-31.977
3.065
32.753
50.541
53.177
41.423
19.74
-4.961
-25.169
-34.762
-30.601
-13.346
12.715
40.774
63.25
73.74
68.663
48.195
16.264
-20.398
-53.886
-77.039
-85.145
-77.032
-55.272
-25.462
5.215
29.787
43.191
43.447
32.032
13.378
-6.371
-21.006
-25.879
-19.11
-2.066
21.003
44.053
60.792
66.283
58.203
37.449
7.949
-24.275
-52.541
-71.085
-76.398
-67.997
-48.45
-22.678
3.3
23.833
34.978
35.372
26.44
11.914
-3.217
-14.035
-16.969
-10.708
3.478
22.067
40.187
52.843
56.174
48.43
30.426
5.377
-21.838
-45.804
-61.818
-66.939
-60.624
-44.78
-23.255
-0.885
17.65
28.903
31.398
25.885
15.039
2.717
-7.058
-11.125
-7.975
1.875
16.019
30.756
42.013
46.35
41.821
28.486
8.447
-14.602
-36.184
-52.048
-59.116
-56.164
-44.077
-25.628
-4.819
14.031
27.27
32.717
30.112
21.112
8.834
-2.945
-10.728
-12.174
-6.679
4.461
18.352
31.204
39.262
39.747
31.579
15.715
-5.003
-26.452
-44.15
-54.291
-54.632
-45.049
-27.587
-6.018
15.021
31.093
38.996
37.504
27.643
12.425
-3.892
-16.862
-22.958
-20.464
-9.925
5.953
22.952
36.384
42.271
38.38
24.852
4.25
-18.985
-39.57
-52.645
-54.973
-45.767
-26.945
-2.715
21.397
39.87
48.521
45.54
31.947
11.36
-10.887
-29.063
-38.47
-36.641
-23.982
-3.709
18.934
37.979
48.249
46.695
33.224
10.788
-15.29
-38.611
-53.29
-55.451
-44.245
-22.127
5.694
32.508
51.752
58.65
51.432
31.811
4.595
-23.48
-45.429
-55.76
-51.875
-34.744
-8.69
19.681
43.14
55.666
53.998
38.49
13.062
-15.761
-40.496
-54.599
-54.165
-38.965
-12.565
18.523
46.452
64.011
66.468
52.802
26.014
-7.575
-39.876
-63.042
-71.435
-63.056
-40.056
-8.211
24.532
50.057
62.134
58.008
39.097
10.634
-19.676
-43.632
-54.664
-49.547
-29.274
1.149
33.945
60.527
73.691
69.484
48.258
14.644
-23.564
-57.325
-78.611
-82.407
-67.974
-39.026
-2.79
31.821
56.461
65.456
57.221
34.628
4.241
-25.409
-46.045
-51.807
-40.797
-15.598
17.351
49.387
71.847
78.298
66.229
37.747
-0.895
-40.821
-72.731
-89.215
-86.593
-65.819
-32.213
5.897
39.295
60.194
64.182
51.29
25.916
-4.372
-30.842
-45.893
-45.052
-28.158
0.571
33.615
62.08
77.995
76.395
56.633
22.61
-18.161
-56.397
-83.352
-92.976
-83.401
-57.365
-21.482
15.456
44.713
59.791
58.025
41.174
14.879
-12.884
-33.924
-42
-34.471
-12.988
16.915
47.258
69.677
77.599
67.972
42.088
5.312
-34.226
-67.636
-87.465
-89.521
-73.869
-44.759
-9.495
23.43
46.48
54.938
48.016
28.949
4.05
-19.013
-33.265
-34.272
-21.306
2.459
30.777
55.949
70.832
70.701
54.498
25.147
-11.14
-46.391
-72.831
-84.791
-80.063
-60.383
-30.93
1.037
28.02
44.159
46.637
36.294
17.282
-4.115
-21.195
-28.625
-23.853
-7.769
15.526
39.801
58.318
65.586
58.802
38.596
8.912
-23.95
-52.876
-71.678
-76.576
-67.074
-46.005
-18.749
8.154
28.652
38.656
36.982
25.529
8.666
-7.997
-19.131
-21.105
-12.931
3.481
23.84
42.595
54.387
55.438
44.545
23.409
-3.761
-31.265
-53.301
-65.35
-65.235
-53.583
-33.596
-10.193
11.239
26.167
31.981
28.547
18.113
4.624
-7.381
-13.988
-12.934
-4.185
10.073
26.019
39.195
45.666
43.034
31.07
11.791
-11.011
-32.674
-48.775
-56.164
-53.666
-42.306
-24.994
-5.771
11.185
22.553
26.612
23.563
15.369
5.16
-3.623
-8.14
-6.875
-0.009
10.65
22.15
31.161
34.83
31.511
21.201
5.562
-12.452
-29.274
-41.546
-46.884
-44.399
-34.866
-20.504
-4.435
10.058
20.271
24.666
23.16
17.061
8.675
0.694
-4.493
-5.394
-1.766
5.339
13.852
21.216
25.034
23.676
16.711
5.052
-9.218
-23.3
-34.305
-39.907
-38.877
-31.371
-18.898
-3.989
10.369
21.403
27.161
26.939
21.406
12.413
2.527
-5.602
-9.889
-9.326
-4.224
3.86
12.508
19.051
21.247
17.875
9.09
-3.551
-17.411
-29.372
-36.567
-37.09
-30.484
-17.903
-1.887
14.196
26.929
33.644
33.063
25.609
13.312
-0.677
-12.855
-20.232
-21.074
-15.351
-4.755
7.716
18.507
24.424
23.477
15.429
1.925
-13.869
-28.02
-36.81
-37.685
-29.952
-15.016
3.895
22.481
36.395
42.328
38.839
26.749
8.974
-10.173
-26.037
-34.787
-34.38
-25.093
-9.472
8.299
23.462
31.905
31.243
21.468
4.999
-13.899
-30.18
-39.32
-38.504
-27.408
-8.358
14.188
34.723
48.062
50.665
41.573
22.701
-1.585
-25.522
-43.38
-50.898
-46.366
-31.078
-9.017
14.143
32.479
41.342
38.56
25.025
4.48
-17.423
-34.584
-42.05
-37.342
-21.158
2.727
28.376
49.162
59.469
56.154
39.408
12.784
-17.635
-44.723
-62.076
-65.632
-54.694
-32.122
-3.622
23.697
43.127
50.074
43.227
24.901
0.428
-23.224
-39.276
-42.931
-32.671
-10.715
17.488
44.613
63.326
68.18
57.071
31.849
-2.065
-36.971
-64.785
-79.048
-76.544
-58.106
-28.416
5.183
34.535
52.738
55.879
44.008
21.098
-6.018
-29.442
-42.295
-40.544
-24.103
3.083
34.006
60.373
74.734
72.441
52.902
19.828
-19.615
-56.541
-82.527
-91.7
-82.188
-56.584
-21.276
15.161
44.13
59.164
57.525
40.849
14.66
-13.108
-34.213
-42.287
-34.528
-12.478
18.325
49.743
73.119
81.519
71.563
44.37
5.368
-36.984
-73.25
-95.328
-98.44
-82.293
-51.121
-12.6
24.089
50.562
61.301
54.985
34.74
7.245
-19.064
-36.23
-38.879
-25.656
0.388
32.549
62.177
80.899
82.796
65.976
33.138
-9.016
-51.384
-84.668
-101.638
-98.882
-77.605
-43.281
-4.252
30.374
52.973
59.267
49.305
27.332
0.599
-22.59
-35.079
-32.748
-15.609
12.174
43.335
69.37
82.725
78.764
57.005
21.324
-20.936
-60.729
-89.484
-101.172
-93.737
-69.538
-34.705
2.426
33.39
51.67
54.242
42.218
20.43
-3.918
-23.187
-31.318
-25.422
-6.545
20.6
48.83
70.34
78.707
70.567
46.512
11.016
-28.616
-63.992
-87.646
-94.81
-84.518
-59.77
-26.725
6.853
33.514
47.918
48.061
35.65
15.531
-5.655
-21.245
-26.303
-18.898
-0.6
23.928
48.129
65.231
69.985
60.026
36.509
3.88
-31.171
-61.299
-80.244
-84.304
-73.16
-49.888
-20.149
9.228
31.904
43.527
42.706
31.223
13.461
-4.804
-17.931
-21.867
-15.183
0.583
21.33
41.455
55.28
58.501
49.292
28.801
0.904
-28.694
-53.805
-69.211
-71.877
-61.621
-41.113
-15.18
10.369
30.131
40.364
39.804
29.864
14.183
-2.365
-14.928
-19.908
-15.845
-3.767
13.101
30.161
42.609
46.65
40.46
24.668
2.242
-22.192
-43.431
-56.914
-59.779
-51.524
-34.103
-11.448
11.465
29.785
39.898
40.233
31.569
16.776
0.067
-14.065
-21.947
-21.624
-13.31
0.678
16.52
29.845
36.828
35.15
24.603
7.173
-13.4
-32.491
-45.688
-49.842
-43.828
-28.838
-8.112
13.797
32.09
42.836
43.885
35.361
19.615
0.643
-16.881
-28.736
-32.171
-26.566
-13.568
3.317
19.598
30.915
34.135
28.148
14.179
-4.477
-23.243
-37.364
-43.092
-38.629
-24.621
-4.052
18.429
37.599
48.921
49.641
39.48
20.728
-2.281
-24.204
-39.969
-46.006
-41.116
-26.766
-6.721
13.882
29.818
37.082
33.904
21.214
2.425
-17.409
-32.859
-39.514
-35.129
-20.253
1.84
25.904
45.99
56.918
55.584
41.779
18.301
-9.675
-35.827
-54.211
-60.716
-54.071
-36.162
-11.565
13.597
33.18
42.563
39.806
26.142
5.655
-15.768
-31.956
-38.066
-31.871
-14.392
10.287
36.002
56.039
64.84
59.44
40.287
11.21
-21.459
-50.404
-69.107
-73.444
-62.71
-39.781
-10.398
18.274
39.442
48.389
43.637
27.301
4.512
-17.936
-33.37
-37
-27.211
-6.043
21.277
47.629
65.81
70.393
59.17
33.791
-0.557
-36.372
-65.654
-81.868
-81.551
-65.157
-36.935
-3.847
26.183
46.258
52.223
43.674
24.005
-0.525
-22.464
-35.139
-34.438
-19.928
4.981
33.874
58.958
73.072
71.568
53.563
22.261
-15.772
-52.179
-78.859
-89.954
-83.287
-60.878
-28.413
6.206
34.851
51.206
52.311
39.256
16.805
-7.901
-27.267
-35.264
-29.05
-9.745
17.815
46.307
67.811
75.871
67.21
42.643
6.964
-32.192
-66.197
-87.555
-91.734
-78.262
-50.81
-16.23
17.192
41.816
52.547
48.057
31.028
7.359
-15.446
-30.293
-32.4
-20.575
2.438
30.654
56.386
72.248
73.096
57.405
27.742
-9.81
-47.12
-75.996
-90.191
-86.927
-67.534
-37.072
-3.016
26.642
45.387
49.776
40.218
20.756
-2.084
-21.071
-30.21
-26.343
-9.999
14.727
41.233
62.124
71.149
64.853
43.524
11.186
-25.348
-58.138
-80.061
-86.543
-76.652
-53.269
-22.316
8.77
32.908
45.124
43.726
30.627
10.734
-9.425
-23.467
-26.862
-18.139
0.724
24.808
47.534
62.385
64.616
52.512
27.886
-4.324
-37.245
-63.747
-78.179
-77.725
-63.053
-38.081
-8.953
17.527
35.583
41.867
36.205
21.525
2.989
-13.427
-22.539
-21.332
-9.748
9.301
30.698
48.459
57.299
54.021
38.371
13.155
-16.427
-44.035
-63.734
-71.424
-65.806
-48.646
-24.283
1.489
22.869
35.464
37.319
29.299
14.762
-1.409
-14.123
-19.436
-15.579
-3.405
13.848
31.408
44.226
48.287
41.668
25.063
1.645
-23.688
-45.498
-59.117
-61.759
-53.161
-35.599
-13.289
8.673
25.559
34.132
33.371
24.625
11.172
-2.691
-12.791
-16.164
-11.805
-0.904
13.488
27.264
36.334
37.69
30.19
14.885
-5.219
-25.87
-42.591
-51.748
-51.415
-41.806
-25.199
-5.364
13.359
27.094
33.325
31.442
22.806
10.337
-2.273
-11.516
-14.948
-11.788
-3.083
8.586
19.786
27.126
28.126
21.871
9.265
-7.162
-23.847
-37.045
-43.719
-42.271
-32.919
-17.65
0.256
16.996
29.127
34.361
32.065
23.359
10.807
-2.251
-12.524
-17.572
-16.394
-9.643
0.565
11.202
19.109
21.801
18.112
8.514
-4.969
-19.23
-30.823
-36.801
-35.441
-26.694
-12.222
4.961
21.179
32.951
37.802
34.84
24.964
10.634
-4.719
-17.519
-24.907
-25.42
-19.332
-8.566
3.798
14.305
19.999
19.187
11.883
-0.163
-13.879
-25.619
-32.083
-31.158
-22.49
-7.638
10.254
27.172
39.189
43.41
38.697
25.971
8.02
-11.143
-27.237
-36.736
-37.721
-30.342
-16.77
-0.655
13.792
22.864
24.298
17.864
5.438
-9.455
-22.537
-29.872
-28.91
-19.192
-2.546
17.301
35.594
47.715
50.337
42.293
24.928
1.831
-21.988
-41.284
-51.848
-51.525
-40.749
-22.432
-1.238
17.581
29.502
31.877
24.599
10.13
-7.13
-21.983
-29.798
-27.75
-15.616
4.081
26.638
46.311
57.752
57.389
44.386
20.945
-8.145
-36.623
-58.247
-68.311
-64.794
-48.865
-24.592
2.069
24.757
38.298
39.991
30.282
12.621
-7.446
-23.733
-31.055
-26.626
-10.854
12.673
38.04
58.467
68.045
63.28
44.068
13.839
-21.193
-53.485
-75.979
-83.818
-75.539
-53.432
-22.972
8.543
33.809
47.328
46.765
33.5
12.223
-10.313
-27.081
-32.651
-24.66
-4.503
22.95
50.538
70.623
77.055
66.813
40.874
4.101
-35.86
-70.391
-91.98
-96.051
-82.083
-53.725
-17.886
16.985
43.001
54.778
50.744
33.467
8.928
-15.082
-31.029
-33.647
-21.363
3.221
33.929
62.557
80.963
83.185
67.043
34.811
-7.227
-50.232
-84.921
-103.812
-103.041
-83.294
-49.611
-10.12
25.986
50.728
59.292
51.163
30.166
3.395
-20.689
-34.504
-33.366
-16.76
11.471
44.061
72.16
87.609
85.067
63.466
26.387
-18.709
-62.247
-94.834
-109.533
-103.536
-78.814
-41.598
-0.808
34.174
55.809
60.225
48.095
24.35
-3.184
-25.883
-36.605
-31.588
-11.458
18.885
51.502
77.437
89.03
81.916
56.22
16.627
-28.695
-70.036
-98.493
-108.113
-97.311
-69.21
-30.821
8.725
40.446
57.703
57.78
42.447
17.389
-9.357
-29.541
-36.874
-28.676
-6.59
23.824
54.51
76.979
84.501
73.86
46.241
7.004
-35.574
-72.293
-95.25
-99.736
-85.336
-55.975
-18.889
17.188
44.182
56.635
52.969
35.751
10.926
-13.807
-31.023
-35.507
-25.598
-3.611
24.768
51.943
70.364
74.468
62.125
35.217
-0.78
-38.11
-68.612
-85.691
-85.889
-69.675
-41.27
-7.561
23.622
45.418
53.569
47.379
29.763
6.399
-15.795
-30.462
-33.429
-23.752
-3.927
20.78
43.7
58.468
60.655
48.901
25.278
-5.205
-35.809
-59.71
-71.636
-69.119
-53.051
-27.416
1.72
27.702
44.892
49.989
42.748
25.937
4.553
-15.485
-28.846
-32.11
-24.584
-8.431
11.929
30.966
43.451
45.777
36.866
18.439
-5.405
-29.191
-47.401
-55.802
-52.456
-38.163
-16.245
8.276
29.886
43.89
47.498
40.432
24.924
5.114
-14.005
-27.808
-33.151
-29.096
-17.083
-0.52
16.1
28.332
32.889
28.446
15.963
-1.559
-19.815
-34.248
-41.163
-38.624
-26.931
-8.558
12.428
31.319
43.876
47.311
40.934
26.289
6.774
-13.173
-29.131
-37.722
-37.387
-28.714
-14.256
2.129
16.235
24.54
25.073
17.882
5.019
-9.973
-22.945
-30.172
-29.3
-19.956
-3.893
15.391
33.462
45.995
49.813
43.666
28.562
7.56
-14.92
-34.121
-46.055
-48.429
-41.174
-26.43
-8.014
9.524
22.018
26.708
22.912
12.18
-2.106
-15.598
-24.101
-24.669
-16.404
-0.745
18.813
37.541
50.62
54.341
47.06
29.671
5.463
-20.608
-43.064
-57.201
-60.203
-51.812
-34.383
-12.29
9.145
24.977
31.847
28.812
17.547
1.896
-13.142
-22.729
-23.479
-14.388
2.831
24.115
44.027
57.115
59.312
49.021
27.602
-0.864
-30.497
-55
-69.174
-70.167
-58.169
-36.355
-10.091
14.404
31.599
38.021
33.097
19.25
1.238
-15.128
-24.526
-23.563
-11.719
8.448
31.897
52.359
63.941
62.671
47.585
21.075
-11.602
-43.553
-67.898
-79.44
-75.932
-58.624
-31.933
-2.334
23.261
39.227
42.61
33.826
16.488
-3.587
-19.948
-27.239
-22.653
-6.725
16.744
41.628
61.03
69.083
62.508
41.543
9.991
-25.641
-57.687
-79.192
-85.607
-75.903
-52.801
-22.077
8.904
33.032
45.225
43.664
30.187
9.731
-11.016
-25.42
-28.687
-19.171
1.148
27.126
51.764
68.019
70.652
57.651
30.832
-4.515
-40.875
-70.327
-86.487
-86.065
-69.664
-41.593
-8.764
21.058
41.205
47.75
40.438
22.659
0.489
-18.972
-29.504
-27.45
-12.711
11.184
37.964
60.236
71.414
67.463
48.017
16.555
-20.386
-54.79
-79.125
-88.185
-80.365
-58.019
-26.836
5.615
31.802
46.102
46.173
33.464
12.741
-9.231
-25.523
-30.901
-23.232
-4.074
21.7
47.158
65.111
70
59.382
34.632
0.669
-35.212
-65.126
-82.535
-83.841
-69.257
-42.703
-10.789
18.871
39.569
47.161
41.044
24.209
2.377
-17.568
-29.427
-29.34
-16.82
5.102
30.655
52.828
65.196
63.623
47.37
19.355
-14.525
-46.829
-70.4
-80.123
-74.168
-54.404
-25.892
4.42
29.455
43.763
44.847
33.708
14.49
-6.678
-23.333
-30.4
-25.531
-9.726
12.925
36.308
53.881
60.386
53.239
33.24
4.423
-26.919
-53.778
-70.16
-72.55
-60.758
-37.925
-9.699
17.198
36.654
44.668
40.288
25.765
5.883
-13.343
-26.267
-29.093
-20.861
-3.685
17.81
37.697
50.3
51.679
40.673
19.231
-8.038
-35.004
-55.524
-64.957
-61.299
-45.649
-21.904
4.238
26.709
40.569
43.194
34.862
18.6
-0.668
-17.43
-27.028
-26.855
-17.002
-0.215
18.847
34.832
43.097
40.915
28.197
7.539
-16.41
-38.101
-52.457
-56.125
-48.294
-30.872
-7.997
15.004
32.929
41.964
40.582
29.85
13.094
-4.998
-19.599
-26.967
-25.379
-15.532
-0.324
15.927
28.612
34.03
30.342
18.054
-0.103
-19.848
-36.417
-45.744
-45.468
-35.51
-18.089
2.831
22.506
36.572
42.077
38.166
26.236
9.543
-7.648
-21.127
-27.785
-26.346
-17.645
-4.363
9.691
20.568
25.193
22.144
12.014
-2.742
-18.417
-30.986
-37.101
-34.936
-24.644
-8.337
10.416
27.436
38.931
42.391
37.167
24.606
7.698
-9.655
-23.58
-31.153
-31.07
-23.917
-11.976
1.382
12.553
18.606
18.016
11.031
-0.396
-13.099
-23.501
-28.511
-26.316
-16.86
-1.902
15.374
31.095
41.609
44.355
38.483
25.065
6.864
-12.301
-28.44
-38.312
-40.164
-34.115
-22.09
-7.329
6.424
15.843
18.831
15.031
5.902
-5.658
-16.05
-21.899
-20.933
-12.608
1.692
18.923
35.076
46.128
49.019
42.434
27.172
6.026
-16.819
-36.731
-49.699
-53.261
-47.073
-32.98
-14.562
3.746
17.732
24.437
22.873
14.251
1.663
-10.726
-18.759
-19.395
-11.551
3.541
22.549
40.811
53.46
56.646
48.55
29.926
4.026
-24.081
-48.661
-64.652
-68.859
-60.721
-42.454
-18.512
5.493
24.163
33.637
32.527
22.244
6.609
-9.152
-19.788
-21.427
-12.649
5.05
27.546
49.057
63.582
66.433
55.502
31.904
-0.153
-34.28
-63.379
-81.322
-84.43
-72.368
-48.239
-17.833
11.79
34.033
44.38
41.497
27.525
7.489
-12.033
-24.656
-25.899
-14.43
7.498
34.524
59.49
75.248
76.515
61.312
31.604
-7.041
-46.697
-78.944
-96.894
-96.858
-79.259
-48.531
-12.029
21.781
45.413
54.2
47.418
28.412
3.673
-18.882
-32.016
-31.107
-15.432
11.562
43.061
70.582
86.142
84.347
63.871
27.935
-16.358
-59.661
-92.626
-108.164
-103.178
-79.316
-42.556
-1.722
33.71
55.953
60.819
48.705
24.416
-4.146
-28.081
-39.846
-35.272
-14.709
16.99
51.662
79.894
93.451
87.435
61.633
20.7
-26.881
-70.823
-101.516
-112.373
-101.434
-71.82
-30.942
11.366
45.29
63.468
62.776
45.033
16.439
-14.098
-37.317
-46.052
-37.121
-12.2
22.565
58.11
84.761
94.736
84.182
54.239
10.852
-36.63
-77.718
-103.34
-108.054
-91.358
-57.774
-15.682
24.79
54.291
66.548
59.869
37.464
6.528
-23.689
-44.31
-49.155
-36.348
-8.819
26.439
60.162
83.184
88.809
74.547
42.807
0.344
-43.376
-78.502
-97.205
-95.586
-74.594
-39.732
0.354
36.056
59.19
64.993
53.226
28.127
-2.765
-30.61
-47.568
-48.811
-33.751
-6.174
26.757
56.347
74.602
76.278
60.228
29.713
-8.401
-45.34
-72.592
-83.996
-77.227
-54.323
-21.119
14.246
43.367
59.648
59.88
44.954
19.53
-9.229
-33.525
-46.92
-45.953
-30.972
-5.994
22.363
46.6
60.252
59.525
44.248
17.9
-13.274
-41.832
-60.981
-66.245
-56.534
-34.372
-5.218
23.912
46.185
56.612
53.22
37.453
13.726
-11.746
-32.533
-43.589
-42.477
-29.903
-9.463
13.324
32.45
42.937
42.074
30.069
9.955
-13.2
-33.576
-46.052
-47.466
-37.369
-18.104
5.791
28.716
45.365
51.998
47.296
32.624
11.635
-10.663
-29.141
-39.774
-40.574
-31.987
-16.709
1.061
16.689
26.271
27.572
20.543
7.28
-8.533
-22.569
-30.946
-31.181
-22.805
-7.477
11.42
29.587
42.827
48.035
43.915
31.263
12.764
-7.656
-25.742
-37.89
-41.948
-37.655
-26.642
-11.974
2.619
13.656
18.733
17.074
9.678
-0.968
-11.532
-18.687
-19.952
-14.333
-2.597
12.867
28.597
40.856
46.521
43.831
32.834
15.406
-5.14
-24.793
-39.737
-47.209
-46.102
-37.198
-22.944
-6.851
7.354
16.618
19.283
15.463
6.977
-3.129
-11.38
-14.779
-11.602
-1.899
12.46
28.18
41.317
48.239
46.54
35.691
17.242
-5.459
-27.998
-45.893
-55.627
-55.47
-45.878
-29.377
-9.943
7.959
20.465
25.243
22.042
12.724
0.752
-9.729
-14.998
-12.766
-2.836
12.776
30.281
45.04
52.73
50.473
37.636
16.094
-10.132
-35.767
-55.515
-65.321
-63.342
-50.397
-29.764
-6.375
14.402
28.082
32.165
26.725
14.352
-0.565
-13.01
-18.693
-15.223
-2.799
15.771
35.734
51.578
58.463
53.506
36.606
10.586
-19.407
-47.099
-66.585
-73.772
-67.373
-49.228
-23.844
2.73
24.409
36.583
37.248
27.47
11.055
-6.49
-19.439
-23.391
-16.48
0.071
22.206
44.043
59.377
63.314
53.59
31.254
0.515
-32.222
-59.886
-76.464
-78.482
-65.859
-41.919
-12.554
15.257
35.203
43.205
38.412
23.362
3.256
-15.443
-26.753
-26.789
-14.831
6.421
31.507
53.596
66.257
65.167
49.299
21.289
-13.134
-46.513
-71.48
-82.573
-77.59
-58.121
-29.141
2.26
28.662
44.185
45.942
34.723
14.723
-7.613
-25.325
-32.8
-27.297
-9.706
15.636
42.035
62.176
70.034
62.485
40.193
7.528
-28.457
-59.746
-79.342
-83.003
-70.287
-44.643
-12.525
18.255
40.501
49.437
43.878
26.465
2.916
-19.527
-34.029
-35.994
-24.305
-1.649
26.146
51.613
67.589
69.099
54.701
26.924
-8.296
-43.063
-69.477
-81.599
-76.925
-56.995
-26.98
5.648
33.015
48.839
49.985
37.218
14.928
-10.069
-30.356
-39.886
-35.587
-18.192
7.933
35.909
58.128
68.244
62.845
42.386
11.132
-23.875
-54.567
-73.858
-77.421
-64.753
-39.281
-7.464
22.858
44.455
52.522
45.859
27.111
2.024
-22.106
-38.356
-42.007
-31.781
-10.18
17.16
42.931
60.063
63.567
51.856
27.193
-4.848
-36.775
-61.05
-71.991
-67.181
-48.067
-19.556
11.238
36.818
51.189
51.352
38.014
15.34
-10.176
-31.43
-42.566
-40.498
-25.7
-2.071
24.088
45.724
56.864
54.178
37.853
11.567
-18.432
-44.908
-61.46
-64.133
-52.405
-29.297
-0.581
26.69
45.968
52.852
46.154
28.153
3.945
-19.904
-37.068
-43.091
-36.513
-19.217
4.089
27.119
43.646
49.118
41.836
23.394
-1.733
-27.33
-47.022
-55.89
-51.71
-35.498
-11.239
15.138
37.259
49.901
50.275
38.69
18.412
-5.205
-26.116
-39.12
-41.168
-32.094
-14.608
6.45
25.382
37.118
38.508
29.123
11.344
-10.262
-30.12
-43.074
-45.687
-37.11
-19.286
3.554
25.95
42.579
49.567
45.417
31.342
10.916
-10.853
-28.786
-38.812
-38.947
-29.725
-13.997
3.853
19.049
27.648
27.53
18.898
4.2
-12.53
-26.716
-34.41
-33.29
-23.246
-6.411
13.375
31.5
43.711
47.132
40.946
26.561
7.239
-12.71
-28.97
-38.235
-38.958
-31.658
-18.709
-3.704
9.476
17.622
18.974
13.617
3.412
-8.507
-18.552
-23.595
-21.762
-12.916
1.29
17.794
32.845
42.89
45.408
39.511
26.15
7.903
-11.615
-28.57
-39.764
-43.333
-39.128
-28.685
-14.821
-0.932
9.821
15.253
14.647
8.893
0.224
-8.361
-13.867
-14.069
-8.107
3.257
17.759
32.133
42.858
46.99
42.884
30.635
12.121
-9.357
-29.778
-45.278
-53.003
-51.746
-42.21
-26.832
-9.213
6.738
17.718
21.808
18.915
10.771
0.475
-8.302
-12.278
-9.445
0.355
15.289
31.908
45.941
53.327
51.256
38.94
17.923
-8.159
-34.336
-55.412
-67.16
-67.32
-56.15
-36.387
-12.609
9.853
26.192
33.295
30.486
19.677
4.863
-8.922
-16.933
-15.992
-5.394
12.809
34.226
53.173
64.094
63.002
48.593
22.712
-9.944
-42.841
-69.12
-83.227
-82.263
-66.714
-40.364
-9.396
19.108
38.9
46.102
40.151
23.916
2.933
-16.044
-26.839
-25.505
-11.446
12.333
39.892
63.821
77.122
75.049
56.426
24.1
-15.614
-54.371
-83.781
-97.449
-92.548
-70.542
-36.845
0.498
32.8
52.878
56.832
44.996
21.813
-5.349
-28.128
-39.384
-35.11
-15.55
14.766
48.11
75.497
88.991
83.794
59.584
20.737
-24.638
-66.616
-95.868
-105.952
-94.914
-65.774
-25.789
15.362
47.983
64.784
62.677
43.516
13.569
-18.144
-42.213
-51.32
-42.178
-16.452
19.605
56.707
84.893
96.097
86.265
56.484
12.816
-35.127
-76.522
-101.997
-105.946
-87.914
-52.7
-9.139
32.119
61.282
71.853
62.229
36.046
1.183
-32.309
-54.832
-59.747
-45.12
-14.25
25.139
62.861
88.87
95.849
81.114
47.365
2.063
-44.394
-81.238
-100.006
-96.63
-72.427
-33.736
9.705
47.219
69.871
72.688
55.856
24.601
-12.211
-44.394
-63.074
-62.984
-43.81
-10.273
29.086
64.09
85.535
87.546
69.085
34.234
-8.817
-49.823
-79.043
-89.667
-79.49
-51.423
-12.717
26.899
57.674
72.281
67.613
45.504
12.186
-23.36
-51.721
-65.466
-61.016
-39.526
-6.546
29.424
59.125
74.903
72.641
52.788
20.222
-17.007
-49.721
-69.926
-72.8
-57.871
-29.082
6.245
39.28
61.914
68.766
58.488
34.026
1.813
-29.907
-53.184
-62.348
-55.397
-34.433
-5.056
25.109
48.374
58.933
54.301
35.892
8.602
-20.473
-43.862
-55.605
-52.735
-35.986
-9.565
19.944
45.247
60.163
61.135
48.063
24.265
-4.409
-31.069
-49.5
-55.672
-48.67
-30.83
-7.06
16.454
33.829
40.952
36.463
22.02
1.811
-18.567
-33.552
-39.032
-33.358
-17.732
4.123
26.913
45.1
54.254
52.119
39.124
18.225
-5.848
-27.769
-42.886
-48.308
-43.517
-30.397
-12.676
5.056
18.502
24.703
22.709
13.737
0.787
-12.173
-21.238
-23.563
-18.067
-5.693
10.83
27.663
40.788
46.971
44.525
33.689
16.562
-3.411
-22.24
-36.3
-43.128
-41.932
-33.687
-20.833
-6.637
5.605
13.345
15.35
11.931
4.801
-3.406
-9.826
-12.1
-8.974
-0.626
11.354
24.322
35.196
41.183
40.437
32.516
18.512
0.838
-17.284
-32.522
-42.153
-44.643
-39.96
-29.545
-15.952
-2.245
8.72
14.941
15.714
11.758
4.997
-1.948
-6.447
-6.548
-1.507
7.971
19.853
31.232
39.017
40.693
34.982
22.215
4.345
-15.434
-33.372
-46
-50.923
-47.373
-36.396
-20.607
-3.571
11.036
20.307
22.79
18.815
10.381
0.624
-7.016
-9.714
-6.031
3.65
17.154
31.014
41.323
44.73
39.342
25.286
4.786
-18.277
-39.24
-53.745
-58.781
-53.429
-39.094
-19.182
1.721
18.965
28.977
30.131
23.13
10.796
-2.684
-12.877
-16.289
-11.333
1.199
18.271
35.339
47.504
50.788
43.223
25.448
0.664
-26.068
-49.019
-63.175
-65.476
-55.585
-35.99
-11.401
12.412
30.055
37.848
34.741
22.542
5.427
-11.182
-22.057
-23.578
-14.727
2.58
23.935
43.542
55.717
56.393
44.239
21.107
-8.333
-37.689
-60.399
-71.358
-68.192
-51.874
-26.486
1.794
26.247
41.295
43.907
34.347
16.064
-5.228
-23.073
-31.998
-28.979
-14.293
8.502
33.447
53.711
63.369
58.99
40.596
11.756
-21.238
-50.903
-70.421
-75.353
-64.76
-41.451
-11.275
18.359
40.354
49.73
44.868
27.898
4.114
-19.437
-35.824
-40.073
-30.511
-9.251
18.32
44.905
63.194
67.778
56.605
31.582
-1.836
-35.974
-62.846
-76.17
-72.955
-54.258
-24.919
7.671
35.461
51.782
53.048
39.645
15.798
-11.552
-34.589
-46.683
-44.145
-27.231
-0.102
30.225
55.688
69.279
66.887
48.412
17.844
-17.698
-49.754
-70.658
-75.48
-63.282
-37.349
-4.343
27.401
50.011
58.087
50.067
28.6
-0.17
-28.225
-47.78
-53.325
-43.079
-19.472
11.468
41.672
63.114
69.911
59.864
35.062
1.378
-33.008
-59.686
-72.161
-67.503
-47.092
-16.249
17.129
44.604
59.355
57.915
41.043
13.489
-17.249
-42.897
-56.553
-54.488
-37.108
-8.855
22.947
49.993
65.148
64.304
47.446
18.673
-14.851
-44.728
-63.479
-66.453
-53.016
-26.696
5.733
35.994
56.435
61.985
51.428
27.698
-2.912
-32.388
-53.07
-59.63
-50.426
-27.911
2.023
31.586
53.106
61.015
53.275
31.894
2.399
-27.606
-50.394
-60.109
-54.259
-34.346
-5.466
25.012
49.335
61.353
58.071
40.398
12.877
-17.492
-43.066
-57.504
-57.374
-42.989
-18.288
10.221
35.153
50.158
51.538
39.17
16.504
-10.36
-34.271
-48.872
-50.245
-37.897
-14.883
12.999
38.692
55.685
59.659
49.564
27.858
-0.142
-27.631
-48.034
-56.653
-51.809
-35.201
-11.416
13.297
32.649
41.904
39.069
25.341
4.75
-16.929
-33.69
-40.852
-36.258
-20.819
1.737
25.819
45.395
55.513
53.53
39.751
17.329
-8.549
-31.964
-47.72
-52.595
-46.071
-30.383
-9.873
10.148
24.765
30.672
26.956
15.259
-0.717
-16.211
-26.649
-28.83
-21.733
-6.772
12.57
31.615
45.657
51.12
46.418
32.333
11.797
-10.83
-30.803
-44.116
-48.403
-43.43
-31.058
-14.709
1.519
13.871
19.826
18.652
11.513
1.093
-9.132
-15.806
-16.549
-10.558
1.184
16.147
30.858
41.731
45.921
41.996
30.279
12.78
-7.25
-26.044
-40.142
-47.137
-46.161
-38.015
-24.935
-10.028
3.454
12.857
16.708
14.998
9.131
1.525
-5.007
-7.977
-5.858
1.513
12.844
25.653
36.824
43.329
42.949
34.845
19.818
0.21
-20.55
-38.661
-50.762
-54.672
-49.877
-37.647
-20.758
-2.86
12.349
21.974
24.59
20.554
11.9
1.818
-6.164
-9.09
-5.382
4.697
19.014
34.025
45.602
50.062
45.124
30.583
8.489
-17.206
-41.486
-59.403
-67.236
-63.392
-48.825
-26.854
-2.404
19.156
33.297
37.434
31.549
18.194
1.831
-12.313
-19.617
-17.308
-5.259
13.884
35.285
53.092
61.925
58.293
41.594
14.416
-17.959
-48.738
-71.224
-80.439
-74.377
-54.534
-25.595
5.68
32.1
47.817
49.773
38.466
17.816
-5.847
-25.421
-34.894
-30.954
-13.923
12.228
40.82
64.129
75.372
70.492
49.313
15.716
-23.197
-58.784
-82.964
-90.223
-79.008
-52.156
-16.22
20.133
48.28
61.791
58.047
38.891
10.146
-19.886
-42.577
-51.229
-42.855
-19.014
14.505
49.116
75.604
86.496
78.033
51.219
11.679
-31.666
-68.776
-90.98
-93.151
-75.008
-41.206
-0.187
37.932
63.903
71.672
59.904
32.304
-3.343
-37.182
-59.835
-64.84
-50.343
-19.63
19.674
57.521
83.998
91.879
78.507
46.533
3.307
-40.925
-75.58
-92.386
-87.471
-62.334
-23.472
19.268
55.171
75.37
75.078
54.79
20.131
-19.599
-53.813
-73.362
-72.886
-52.198
-16.345
25.665
63.158
86.514
89.624
71.46
36.353
-7.092
-48.167
-76.766
-85.933
-73.614
-43.159
-2.456
38.084
68.172
80.246
71.378
43.991
5.213
-34.951
-66.185
-80.482
-74.17
-48.829
-10.867
30.135
63.866
81.906
79.857
58.43
23.238
-16.662
-51.087
-71.326
-72.339
-54.019
-21.186
17.661
52.53
74.473
77.849
61.737
30.132
-9.09
-46.186
-72.015
-80.331
-69.318
-41.999
-5.411
31.217
58.825
70.801
64.62
42.42
10.391
-22.862
-48.542
-59.92
-54.026
-32.384
-0.581
33.178
60.18
73.41
69.313
48.67
16.368
-19.861
-51.39
-70.855
-73.956
-60.466
-34.209
-2.014
28.058
48.758
55.45
47.218
26.998
0.746
-24.156
-40.827
-44.648
-34.422
-12.654
15.128
41.801
60.461
66.166
57.162
35.294
5.518
-25.359
-50.368
-64.08
-63.888
-50.56
-27.953
-1.955
21.028
35.685
39.08
31.303
15.339
-3.793
-20.39
-29.561
-28.475
-17.071
1.958
23.872
43.101
54.649
55.337
44.577
24.493
-0.622
-25.369
-44.549
-54.384
-53.362
-42.507
-25.021
-5.422
11.613
22.39
25.053
19.952
9.443
-2.802
-12.792
-17.265
-14.515
-4.821
9.65
25.396
38.46
45.413
44.183
34.56
18.227
-1.641
-21.132
-36.496
-44.98
-45.41
-38.378
-26.018
-11.433
2.069
11.759
16.083
14.959
9.698
2.602
-3.669
-6.789
-5.363
0.73
10.305
21.152
30.576
36.04
35.774
29.204
17.11
1.474
-14.94
-29.181
-38.736
-42.055
-38.861
-30.172
-18.041
-5.076
6.147
13.652
16.475
14.84
10.051
4.133
-0.693
-2.574
-0.511
5.369
13.813
22.711
29.594
32.235
29.211
20.309
6.644
-9.516
-25.212
-37.434
-43.79
-43.061
-35.49
-22.751
-7.575
6.87
17.707
23.018
22.285
16.495
7.876
-0.679
-6.363
-7.194
-2.559
6.578
17.871
28.156
34.242
33.752
25.782
11.231
-7.325
-26.175
-41.324
-49.447
-48.705
-39.23
-23.129
-4.007
13.884
26.676
31.827
28.749
18.944
5.612
-7.175
-15.54
-16.832
-10.355
2.399
18.082
32.328
40.868
40.67
30.789
12.705
-9.95
-32.227
-49.051
-56.486
-52.735
-38.631
-17.468
5.786
25.709
37.777
39.502
31.059
15.238
-3.279
-19.135
-27.706
-26.337
-15.076
3.289
23.902
41.084
49.806
47.037
32.603
9.319
-17.643
-42.01
-57.971
-61.656
-52.143
-31.728
-5.381
20.489
39.647
47.614
42.812
26.97
4.679
-17.8
-34.166
-39.738
-32.707
-14.652
9.827
34.268
52.015
57.965
49.929
29.276
0.649
-29.166
-52.935
-64.821
-61.886
-44.873
-18.043
11.888
37.447
52.317
52.957
39.519
15.813
-11.672
-35.456
-49.014
-48.494
-33.752
-8.425
20.976
46.74
61.952
62.308
47.27
20.261
-12.173
-42.011
-61.803
-66.588
-55.186
-30.524
1.094
31.593
53.201
60.444
51.571
29.015
-1.233
-31.16
-52.812
-60.363
-51.64
-28.712
2.619
34.307
58.129
67.828
60.738
38.509
6.699
-26.63
-52.99
-65.648
-61.376
-41.297
-10.611
22.736
50.092
64.337
61.724
42.861
12.563
-21.374
-50.187
-66.399
-65.759
-48.343
-18.546
16.048
46.616
65.373
67.582
52.778
24.889
-8.781
-39.44
-59.089
-62.593
-49.019
-21.886
11.737
43.055
63.817
68.457
55.534
28.123
-6.963
-40.921
-65.204
-73.716
-64.368
-39.598
-5.743
28.608
54.824
66.443
60.826
39.807
9.198
-22.746
-47.475
-58.372
-52.473
-31.237
-0.171
32.595
58.408
70.331
64.937
43.205
10.278
-25.839
-56.318
-73.751
-74.014
-57.295
-28.014
6.347
37.168
56.908
61.013
49.044
24.738
-5.011
-31.972
-48.737
-50.649
-37.01
-11.256
19.931
48.356
66.424
69.1
55.208
27.738
-6.905
-40.519
-65.175
-75.192
-68.538
-47.291
-17.05
14.527
39.694
52.579
50.635
35.224
11.185
-14.48
-34.463
-43.065
-37.677
-19.446
7.026
34.879
56.76
66.715
61.709
42.402
12.989
-19.858
-48.651
-66.939
-70.882
-60.141
-37.887
-9.932
16.781
35.947
43.451
38.346
22.997
2.376
-17.286
-30.155
-32.315
-22.775
-3.714
20.088
42.484
57.527
60.983
51.395
30.45
2.56
-26.227
-49.703
-62.991
-63.679
-52.33
-32.249
-8.588
12.972
27.632
32.62
27.79
15.551
0.151
-13.478
-21.026
-19.916
-9.959
6.612
25.715
42.454
52.349
52.447
42.056
22.912
-1.231
-25.498
-45.033
-56.115
-56.968
-48.108
-32.121
-12.982
4.942
17.932
23.757
22.13
14.665
4.387
-5.103
-10.559
-9.922
-2.834
9.276
23.541
36.362
44.278
44.804
37.046
21.928
2.014
-19.056
-37.358
-49.539
-53.534
-48.98
-37.25
-21.1
-4.023
10.551
20.009
23.106
20.187
13.038
4.402
-2.726
-5.849
-3.599
3.903
15.04
27.065
36.733
41.086
38.185
27.629
10.737
-9.67
-29.843
-45.899
-54.687
-54.498
-45.47
-29.579
-10.211
8.593
23.058
30.534
30.104
22.782
11.249
-0.818
-9.673
-12.459
-7.964
3.014
17.802
32.469
42.781
45.274
38.182
21.981
-0.6
-25.128
-46.452
-59.911
-62.455
-53.426
-34.769
-10.624
13.628
32.642
42.396
41.179
30.015
12.415
-6.498
-21.289
-27.608
-23.346
-9.229
11.288
32.843
49.498
56.261
50.412
32.296
5.357
-24.607
-50.811
-67.135
-69.65
-57.644
-33.858
-3.869
25.25
46.658
55.451
49.899
31.892
6.489
-19.358
-38.566
-45.754
-38.65
-18.74
9.052
37.57
59.223
67.941
60.773
38.721
6.587
-28.158
-57.201
-73.466
-72.912
-55.591
-25.692
9.461
41.224
61.788
66.161
53.442
27.076
-5.996
-37.086
-57.97
-62.998
-50.573
-23.602
11.2
44.987
69.024
76.927
66.327
39.527
2.973
-34.336
-63.108
-76.116
-70.048
-46.386
-11.066
26.994
58.138
74.418
71.625
50.381
16.009
-22.793
-56.148
-75.504
-75.817
-56.851
-23.26
16.576
52.667
75.947
80.587
65.487
34.565
-4.224
-40.916
-66.074
-73.205
-60.434
-31
7.55
45.266
72.332
81.567
70.274
40.954
0.692
-40.613
-72.74
-87.727
-81.881
-56.701
-18.496
23.222
58.155
77.82
77.693
58.325
25.174
-12.825
-45.566
-64.376
-64.247
-45.124
-11.925
26.714
60.65
80.825
81.594
62.179
26.896
-15.924
-56.014
-83.748
-92.55
-80.519
-50.871
-11.096
28.969
59.633
73.786
68.659
46.46
13.737
-20.362
-46.477
-57.462
-50.228
-26.528
7.497
42.903
70.247
82.009
74.525
48.939
10.929
-30.705
-66.245
-87.464
-89.66
-72.776
-41.353
-3.327
32.011
56.356
64.456
55.363
32.573
3.034
-24.721
-42.812
-46.063
-33.334
-7.795
23.902
53.348
72.548
75.973
61.978
33.237
-3.922
-41.089
-69.864
-83.912
-80.491
-61.055
-30.81
2.667
31.36
48.819
51.73
40.643
19.713
-4.474
-24.682
-34.927
-32.035
-16.448
7.909
34.663
56.644
67.73
64.419
46.724
18.178
-15.043
-45.644
-67.001
-74.746
-67.779
-48.446
-21.861
5.431
27.114
38.649
38.329
27.596
10.536
-7.269
-20.256
-24.34
-17.973
-2.526
18.091
38.452
53.019
57.56
50.226
32.022
6.563
-20.817
-44.359
-59.256
-62.771
-54.819
-37.896
-16.374
4.621
20.49
28.243
27.155
18.82
6.625
-5.207
-12.762
-13.453
-6.681
6.033
21.459
35.502
44.247
44.956
36.749
20.838
0.231
-20.984
-38.6
-49.26
-51.198
-44.587
-31.411
-14.925
1.165
13.583
20.226
20.583
15.748
8.047
0.371
-4.59
-5.047
-0.545
7.929
18.221
27.553
33.224
33.284
27.015
15.128
-0.386
-16.697
-30.762
-39.992
-42.807
-38.948
-29.496
-16.59
-2.92
8.877
16.788
19.836
18.233
13.261
6.904
1.339
-1.615
-0.944
3.314
10.073
17.462
23.283
25.543
22.968
15.342
3.62
-10.235
-23.655
-34.013
-39.208
-38.145
-30.994
-19.173
-5.054
8.56
19.056
24.59
24.504
19.452
11.233
2.337
-4.674
-7.809
-6.158
-0.149
8.541
17.379
23.611
24.972
20.302
9.911
-4.412
-19.762
-32.771
-40.41
-40.739
-33.418
-19.844
-2.873
13.836
26.672
32.948
31.557
23.255
10.477
-3.26
-14.244
-19.516
-17.645
-9.121
3.734
17.334
27.743
31.701
27.509
15.536
-1.793
-20.537
-36.19
-44.809
-44.027
-33.706
-16.03
4.978
24.423
37.742
41.851
35.939
21.695
2.904
-15.501
-28.691
-33.189
-27.785
-13.881
4.838
23.331
36.494
40.505
33.85
17.783
-3.937
-25.954
-42.663
-49.653
-44.871
-29.199
-6.299
18.278
38.468
49.235
47.87
34.711
13.098
-11.46
-32.665
-45.051
-45.396
-33.577
-12.632
11.996
33.846
47.113
48.163
36.516
15.009
-10.889
-34.466
-49.496
-51.865
-40.676
-18.535
9.069
35.136
52.941
57.771
48.166
26.34
-2.347
-30.727
-51.643
-59.79
-53.085
-33.224
-5.272
23.624
46.071
56.336
51.844
33.855
7.168
-21.116
-43.425
-53.698
-48.981
-30.24
-2.157
28.042
52.435
64.446
60.575
41.34
11.196
-22.556
-51.612
-68.773
-69.787
-54.448
-26.658
6.562
36.864
56.721
61.35
49.949
25.894
-4.145
-31.942
-49.867
-52.894
-39.939
-14.181
17.729
47.362
66.696
70.201
56.31
27.878
-8.495
-44.106
-70.344
-80.868
-73.219
-49.44
-15.554
19.98
48.429
63.013
60.624
42.595
14.319
-16.182
-40.368
-51.429
-46.08
-25.448
5.193
37.768
63.481
75.102
68.866
45.489
10.048
-29.268
-63.195
-83.725
-86.111
-70.052
-39.744
-2.795
31.724
55.588
63.489
54.35
31.538
1.932
-25.912
-44.023
-47.113
-33.978
-7.827
24.525
54.419
73.588
76.316
60.944
30.348
-8.74
-47.39
-76.697
-89.993
-84.493
-61.953
-28.184
8.452
39.171
56.985
58.42
44.332
19.592
-8.252
-30.992
-41.931
-37.641
-18.874
9.628
40.348
64.942
76.393
70.842
48.617
14.193
-24.888
-59.875
-82.962
-89.2
-77.673
-51.672
-17.801
15.717
41.115
53.008
49.674
33.388
9.727
-13.962
-30.516
-34.854
-25.298
-4.018
23.531
50.017
68.12
72.424
60.823
35.09
0.475
-35.573
-65.217
-82.136
-83.024
-68.344
-42.124
-10.898
17.966
38.088
45.617
40.1
24.463
4.152
-14.363
-25.305
-25.103
-13.319
7.248
31.289
52.348
64.48
63.774
49.365
23.681
-8.127
-39.416
-63.646
-75.92
-74.118
-59.326
-35.487
-8.377
15.846
32.13
37.702
32.648
19.753
3.685
-10.283
-17.657
-15.888
-5.017
12.349
31.709
47.819
56.022
53.426
39.648
16.938
-10.335
-36.704
-56.874
-66.939
-65.251
-52.74
-32.619
-9.57
11.395
26.113
32.197
29.518
20.11
7.569
-3.921
-10.672
-10.423
-2.909
10.092
25.208
38.319
45.586
44.409
34.091
16.051
-6.475
-29.145
-47.492
-57.928
-58.536
-49.48
-32.934
-12.559
7.355
22.863
31.244
31.575
24.868
13.76
1.816
-7.371
-11.07
-8.093
0.915
13.623
26.584
36.076
39.029
33.807
20.665
1.755
-19.303
-38.226
-51.031
-54.959
-49.119
-34.726
-14.836
6.331
24.356
35.63
38.177
32.105
19.549
4.142
-9.878
-18.721
-19.983
-13.262
-0.282
15.51
29.78
38.387
38.446
29.096
11.804
-9.913
-31.274
-47.355
-54.281
-50.197
-35.766
-14.073
10.06
31.207
44.626
47.407
39.198
22.3
1.127
-18.879
-32.589
-36.473
-29.507
-13.459
7.521
27.918
42.234
46.397
38.83
20.922
-3.249
-27.879
-46.85
-55.272
-50.734
-33.973
-8.761
18.966
42.544
56.218
56.594
43.51
20.123
-7.835
-33.462
-50.397
-54.418
-44.525
-23.217
4.104
30.482
49.151
55.264
47.152
26.786
-0.675
-28.162
-48.479
-56.142
-48.819
-27.978
1.411
32.078
56.253
67.63
62.982
43.025
12.305
-21.897
-51.346
-68.909
-70.339
-55.361
-27.755
5.578
36.347
56.963
62.46
51.766
27.977
-2.421
-31.212
-50.562
-55.051
-43.107
-17.462
15.49
47.279
69.505
75.985
64.371
36.807
-0.539
-38.972
-69.415
-84.661
-81.184
-60.016
-26.491
11.102
43.602
63.289
65.82
51.309
24.262
-7.603
-35.37
-51.244
-50.592
-33.175
-3.253
31.471
61.801
79.406
78.976
59.629
25.211
-16.609
-56.216
-84.418
-94.734
-84.993
-57.86
-20.146
18.924
50.036
66.122
64.114
45.656
16.62
-14.467
-38.667
-48.979
-42.176
-19.671
12.82
46.731
72.843
83.668
75.404
48.965
9.821
-33.321
-70.658
-93.709
-97.406
-81.322
-49.741
-10.536
26.833
53.697
64.337
57.36
35.96
6.999
-20.838
-39.349
-42.973
-30.256
-4.246
28.288
58.595
78.208
81.144
65.484
33.915
-6.883
-47.872
-79.876
-95.838
-92.535
-71.326
-37.752
-0.091
32.74
53.421
58.013
46.862
24.384
-2.176
-24.708
-36.39
-33.49
-16.341
10.736
40.558
64.94
76.828
72.137
50.84
17.028
-22.076
-57.884
-82.551
-90.883
-81.568
-57.433
-24.661
8.805
35.27
49.186
48.468
34.9
13.545
-8.671
-24.835
-29.879
-21.917
-2.729
22.708
47.519
64.729
69.073
58.382
34.166
1.282
-33.252
-61.972
-78.782
-80.41
-67.146
-42.689
-13.153
14.496
34.182
42.178
37.947
24.137
5.779
-11.12
-21.191
-21.121
-10.518
8.007
29.53
48.11
58.334
56.73
42.676
18.591
-10.639
-38.851
-60.096
-70.058
-67.057
-52.387
-29.913
-5.062
16.549
30.476
34.487
28.999
16.842
2.421
-9.504
-15.084
-12.388
-1.886
13.697
30.107
42.676
47.536
42.621
28.216
6.905
-17.037
-38.673
-53.575
-58.857
-53.814
-40.026
-20.911
-0.853
15.875
26.111
28.499
23.714
14.175
3.336
-5.252
-8.871
-6.323
1.789
13.24
24.784
32.994
35.149
29.934
17.79
0.831
-17.646
-33.925
-44.731
-47.975
-43.207
-31.675
-16
0.467
14.427
23.377
26.134
23.037
15.769
6.879
-0.892
-5.303
-5.163
-0.596
7.005
15.36
21.881
24.332
21.403
13.06
0.586
-13.68
-26.869
-36.229
-39.749
-36.618
-27.417
-13.988
0.976
14.532
24.135
28.196
26.406
19.772
10.342
0.695
-6.689
-10.024
-8.647
-3.17
4.678
12.485
17.767
18.601
14.14
4.871
-7.446
-20.158
-30.324
-35.419
-33.955
-25.881
-12.643
3.105
18.09
29.166
34.052
31.874
23.379
10.764
-2.847
-14.156
-20.5
-20.507
-14.439
-4.139
7.433
16.944
21.546
19.635
11.299
-1.644
-16.054
-28.23
-34.839
-33.779
-24.766
-9.477
8.798
25.912
37.865
41.788
36.678
23.681
5.848
-12.592
-27.264
-34.73
-33.357
-23.735
-8.543
8.123
21.791
28.767
27.103
17.138
1.446
-15.786
-29.824
-36.607
-33.84
-21.639
-2.588
18.855
37.431
48.405
48.775
38.077
18.56
-5.322
-27.986
-44.097
-49.905
-44.199
-28.619
-7.256
14.379
30.765
37.789
33.814
20.122
0.599
-19.258
-33.774
-38.589
-31.846
-14.74
8.716
32.66
50.851
58.275
52.462
34.183
7.332
-21.992
-46.978
-61.793
-63.052
-50.676
-27.921
-0.56
24.581
41.36
45.89
37.533
19.058
-4.082
-25.178
-38.036
-38.627
-26.196
-3.53
23.702
48.366
63.688
65.026
51.122
24.507
-9.054
-41.948
-66.591
-77.318
-71.802
-51.642
-21.96
9.895
36.21
50.862
50.861
37.096
14.066
-11.315
-31.546
-40.534
-35.228
-16.473
11.144
40.432
63.431
73.474
66.951
44.315
10.066
-28.302
-62.124
-83.701
-88.213
-74.918
-47.325
-12.302
21.665
46.613
57.101
51.556
32.619
6.405
-19.135
-36.325
-39.813
-28.008
-3.555
27.305
56.31
75.313
78.404
63.494
32.944
-6.936
-47.399
-79.388
-95.773
-93.103
-72.443
-39.085
-1.192
32.259
53.727
58.975
48.077
25.312
-2.017
-25.544
-38.066
-35.457
-17.792
10.633
42.377
68.756
82.094
77.738
55.324
18.962
-23.71
-63.362
-91.252
-101.361
-91.852
-65.484
-28.883
9.143
39.817
56.568
56.622
41.607
17.025
-9.255
-29.109
-36.315
-28.206
-6.394
23.616
53.826
75.809
82.889
71.906
44.088
4.836
-37.556
-73.901
-96.349
-100.284
-85.412
-55.774
-18.696
17.072
43.528
55.374
51.254
33.977
9.672
-13.883
-29.339
-31.723
-19.745
3.846
32.962
59.733
76.539
77.986
62.329
31.981
-7.016
-46.433
-77.831
-94.595
-93.503
-75.456
-45.186
-10.034
21.892
43.711
51.409
44.737
27.132
4.723
-15.342
-26.788
-25.858
-12.291
10.611
36.833
59.196
71.205
68.726
51.08
21.268
-14.717
-49.316
-75.214
-87.079
-82.804
-63.954
-35.314
-3.67
23.875
41.61
46.553
39.066
22.632
2.854
-14.051
-22.886
-20.81
-8.058
12.136
34.38
52.511
61.175
57.204
40.444
13.838
-17.253
-46.319
-67.248
-75.758
-70.383
-52.764
-27.202
0.423
24.076
38.998
42.786
35.868
21.282
3.812
-11.274
-19.58
-18.687
-8.737
7.625
25.951
41.124
48.663
45.86
32.482
10.862
-14.632
-38.621
-55.98
-63.034
-58.402
-43.296
-21.205
2.956
24.005
37.701
41.693
36.007
22.952
6.481
-8.817
-18.867
-21.103
-15.072
-2.518
13.077
27.38
36.295
36.989
28.617
12.56
-7.875
-28.218
-43.887
-51.268
-48.572
-36.269
-16.982
5.108
25.236
39.147
44.076
39.365
26.586
9.135
-8.601
-22.302
-28.752
-26.604
-16.684
-1.775
14.083
26.589
32.263
29.315
18.121
1.164
-17.534
-33.377
-42.308
-41.813
-31.574
-13.592
8.236
29.017
44.002
49.722
44.825
30.419
9.826
-12.194
-30.573
-41.149
-41.662
-32.304
-15.661
3.919
21.405
32.334
33.931
25.821
10.15
-8.93
-26.284
-37.084
-38.049
-28.316
-9.735
13.522
35.93
51.95
57.392
50.485
32.367
6.867
-20.373
-43.237
-56.609
-57.618
-46.339
-25.779
-1.137
21.493
36.632
40.795
33.37
16.769
-4.174
-23.446
-35.401
-36.241
-25.053
-4.112
21.614
45.661
61.68
65.048
54.083
30.549
-0.697
-32.828
-58.689
-72.529
-71.412
-55.942
-30.112
-0.307
26.284
43.469
47.593
38.447
19.29
-4.007
-24.501
-35.998
-34.697
-20.237
4.135
32.336
56.948
71.114
70.31
53.568
23.822
-12.733
-48.104
-74.432
-85.917
-80.24
-59.129
-27.92
5.786
34.027
50.467
51.965
39.326
17.039
-7.931
-27.993
-36.938
-31.606
-12.762
15.038
44.57
67.782
77.867
71.061
47.688
12.182
-27.932
-63.843
-87.608
-94.095
-82.236
-55.276
-19.933
15.297
42.272
55.229
52.189
35.388
10.616
-14.348
-31.814
-36.232
-25.684
-2.436
27.611
56.409
75.847
79.859
66.054
36.411
-3.119
-44.026
-77.312
-95.688
-95.364
-76.95
-45.272
-8.127
25.69
48.588
56.054
47.713
27.33
1.731
-21.038
-33.876
-32.516
-16.683
9.803
39.99
65.588
79.124
75.91
55.321
21.035
-19.805
-58.323
-86.075
-97.117
-89.447
-65.449
-31.251
4.849
34.482
51.288
52.455
39.334
16.97
-7.306
-25.86
-32.805
-25.566
-5.583
22.049
49.894
70.106
76.49
66.14
40.258
3.92
-35.134
-68.388
-88.632
-91.719
-77.541
-50.001
-15.974
16.441
39.961
49.904
45.282
28.934
6.673
-14.323
-27.443
-28.412
-16.421
5.646
31.966
55.291
68.845
68.105
52.012
23.305
-12.114
-46.611
-72.687
-84.804
-80.715
-61.96
-33.421
-2.051
24.887
41.622
45.256
36.393
18.855
-1.414
-17.979
-25.633
-21.773
-7.086
14.639
37.508
55.062
61.975
55.453
35.999
7.328
-24.516
-52.638
-70.972
-75.743
-66.354
-45.47
-18.299
8.742
29.628
40.192
39.085
27.999
11.119
-6.055
-18.19
-21.533
-14.883
0.11
19.396
37.592
49.397
50.982
40.995
20.95
-5.125
-31.66
-52.896
-64.283
-63.559
-51.263
-30.543
-6.343
15.845
31.316
37.269
33.409
21.914
6.773
-7.303
-16.133
-17.145
-10.022
3.249
18.92
32.475
39.812
38.315
27.545
9.377
-12.443
-33.197
-48.343
-54.598
-50.715
-37.746
-18.755
1.956
19.894
31.447
34.704
29.841
18.983
5.594
-6.449
-13.855
-14.734
-9.053
1.404
13.527
23.7
28.748
26.753
17.564
2.852
-14.279
-30.039
-40.859
-44.244
-39.364
-27.241
-10.497
7.278
22.372
31.805
34.002
29.103
18.871
6.207
-5.591
-13.639
-16.161
-12.896
-5.115
4.733
13.663
18.922
18.699
12.589
1.717
-11.516
-24.005
-32.687
-35.285
-30.864
-20.083
-5.057
11.114
25.057
33.893
35.9
30.893
20.249
6.563
-6.975
-17.341
-22.384
-21.324
-14.908
-5.201
4.951
12.638
15.631
12.946
5.118
-5.917
-17.279
-25.853
-29.07
-25.574
-15.6
-0.984
15.232
29.489
38.544
40.246
34.07
21.264
4.581
-12.355
-25.898
-33.241
-33.076
-25.901
-13.881
-0.3
11.26
17.827
17.793
11.332
0.376
-11.869
-21.732
-26.033
-22.93
-12.459
3.403
21.15
36.569
45.765
46.135
37.059
20.108
-1.266
-22.524
-39.108
-47.528
-46.208
-35.867
-19.337
-0.857
14.986
24.415
25.413
18.238
5.357
-9.191
-20.848
-25.747
-21.759
-9.125
9.52
29.736
46.358
54.79
52.197
38.292
15.498
-11.561
-37.125
-55.675
-63.27
-58.509
-42.879
-20.388
3.433
22.913
33.661
33.668
23.801
7.558
-9.852
-22.89
-27.171
-20.666
-4.314
18.129
40.985
58.067
64.27
56.927
36.581
6.97
-25.803
-54.704
-73.46
-78.092
-67.896
-45.618
-16.771
11.74
33.336
43.412
40.472
26.473
6.281
-13.629
-26.895
-28.982
-18.435
2.66
29.128
53.981
70.193
72.531
58.974
31.342
-5.028
-42.506
-72.987
-89.859
-89.618
-72.731
-43.52
-9.073
22.515
44.164
51.561
44.204
25.468
1.675
-19.594
-31.532
-29.929
-14.349
11.682
41.511
67.035
80.782
77.878
57.394
22.705
-19.22
-59.458
-89.275
-102.254
-95.862
-72.059
-36.802
1.451
33.855
53.368
56.477
44.02
20.882
-5.337
-26.359
-35.431
-29.147
-8.396
21.797
53.519
77.981
87.795
78.933
51.856
11.53
-33.705
-74.117
-100.937
-108.498
-95.599
-65.783
-26.42
13.136
43.881
59.383
57.329
40.016
13.663
-13.284
-32.399
-37.522
-26.404
-1.347
31.348
62.967
84.626
89.574
74.991
42.805
-0.682
-46.271
-84.079
-105.938
-107.373
-88.667
-54.745
-13.92
24.204
51.106
61.435
54.264
33.21
5.392
-20.485
-36.443
-37.341
-22.232
5.354
38.305
67.74
85.297
85.311
66.318
31.507
-11.988
-54.799
-87.591
-103.324
-98.947
-76.099
-40.645
-1.181
33.116
54.751
59.717
48.39
25.308
-2.098
-25.495
-37.842
-35.226
-17.88
9.879
40.757
66.362
79.37
75.419
54.266
19.907
-20.368
-57.739
-84
-93.539
-84.676
-60.011
-25.729
9.971
38.914
54.942
55.361
41.506
18.272
-7.228
-27.545
-36.83
-32.325
-15.049
10.488
37.467
58.517
67.61
61.613
41.102
10.247
-24.197
-54.54
-74.025
-78.454
-67.171
-43.164
-12.285
18.221
41.495
52.708
50.168
35.633
13.753
-9.176
-26.852
-34.56
-30.342
-15.437
6.075
28.358
45.322
52.173
46.633
29.506
4.489
-22.741
-45.92
-59.716
-61.006
-49.609
-28.284
-2.029
23.148
41.677
49.738
46.116
32.41
12.555
-8.21
-24.654
-32.842
-31.061
-20.18
-3.373
14.732
29.232
36.187
33.591
21.86
3.719
-16.479
-33.823
-44.035
-44.508
-34.922
-17.318
4.399
25.386
41.008
47.905
44.758
32.553
14.303
-5.699
-22.912
-33.613
-35.749
-29.372
-16.566
-0.889
13.522
22.977
25.127
19.526
7.726
-7.115
-21.014
-30.146
-31.785
-24.995
-10.884
7.623
26.445
41.292
48.668
46.692
35.551
17.475
-3.765
-23.724
-38.293
-44.641
-41.847
-31.084
-15.309
1.47
15.174
22.64
22.385
14.961
2.801
-10.389
-20.575
-24.421
-20.166
-8.128
9.308
28.203
43.986
52.555
51.291
39.745
19.817
-4.628
-28.62
-47.224
-56.689
-55.328
