101780
101780
101730
101650
101660
101650
101700
101750
101800
101880
101930
101910
101820
101720
101660
101610
101610
101650
101700
101740
101790
101820
101870
101830
101840
101800
101780
101710
101680
101650
101700
101720
101770
101810
101820
101800
101720
101570
101450
101410
101400
101420
101440
101480
101520
101550
101510
101530
101510
101470
101450
101400
101330
101290
101300
101320
101320
101370
101400
101320
101230
101120
101050
101020
101060
101100
101160
101200
101250
101260
101320
101280
101300
101320
101310
101280
101310
101270
101320
101390
101370
101450
101490
101450
101410
101350
101290
101280
101310
101370
101400
101460
101530
101560
101600
101610
101620
101620
101600
101580
101630
101650
101730
101790
101880
101930
101960
101890
101830
101720
101640
101610
101630
101660
101720
101800
101890
101980
101980
101940
101900
101850
101870
101880
101860
101890
101920
101990
102040
102060
102080
101970
101880
101790
101710
101670
101680
101750
101790
101810
101850
101920
101880
101860
101820
101790
101790
101760
101740
101730
101740
101750
101800
101800
101800
101760
101670
101590
101540
101520
101520
101530
101560
101590
101650
101670
101670
101650
101630
101590
101560
101510
101520
101500
101490
101500
101520
101570
101620
101610
101530
101440
101360
101360
101320
101360
101430
101510
101640
101720
101730
101760
101800
101820
101840
101880
101880
101870
101890
101940
102020
102110
102160
102180
102090
102060
102000
101990
102020
102060
102120
102220
102290
102360
102370
102390
102380
102390
102410
102410
102410
102380
102390
102430
102490
102550
102580
102560
102490
102340
102250
102200
102210
102240
102300
102340
102370
102450
102490
102480
102460
102380
102370
102310
102300
102250
102250
102340
102370
102420
102470
102460
102370
102250
102200
102140
102110
102090
102130
102190
102240
102250
102290
102260
102190
102150
102110
102080
102020
102000
102030
102070
102120
102170
102210
102190
102110
101990
101890
101840
101840
101880
101900
101960
101990
102020
102040
102040
102030
102000
101990
101970
101940
101930
101930
101960
102020
102070
102090
102060
101940
101830
101760
101710
101730
101750
101780
101840
101860
101880
101880
101840
101810
101790
101770
101700
101650
101640
101650
101690
101750
101810
101860
101880
101850
101790
101750
101730
101750
101820
101880
101910
101980
102010
102060
102090
102120
102090
102110
102120
102080
102120
102140
102230
102270
102350
102410
102400
102340
102260
102200
102160
102130
102190
102250
102260
102310
102320
102360
102350
102320
102290
102270
102220
102170
102140
102170
102190
102280
102340
102380
102390
102290
102170
102080
102020
102010
102060
102110
102150
102190
102230
102210
102230
102200
102170
102130
102100
102070
102030
102030
102060
102080
102120
102160
102120
102040
101950
101860
101840
101860
101900
101980
102030
102080
102130
102140
102140
102120
102070
102080
102100
102120
102130
102170
102250
102340
102420
102500
102510
102450
102380
102330
102330
102360
102430
102470
102510
102520
102600
102620
102640
102600
102580
102560
102520
102480
102500
102490
102580
102600
102630
102680
102620
102530
102430
102330
102260
102260
102320
102350
102350
102370
102390
102360
102330
102340
102310
102310
102230
102160
102090
102120
102120
102180
102230
102250
102220
102130
102030
101930
101870
101860
101860
101880
101900
101940
101970
101990
101990
101960
101980
101960
101940
101940
101910
101940
102000
102050
102130
102220
102250
102190
102140
102060
102060
102030
102110
102190
102250
102290
102340
102310
102340
102340
102340
102320
102280
102240
102200
102240
102270
102320
102350
102390
102340
102320
102260
102180
102130
102100
102120
102150
102220
102260
102290
102310
102320
102300
102280
102280
102220
102160
102110
102140
102200
102220
102250
102280
102250
102160
102060
101960
101920
101910
101930
101960
102010
102050
102070
102080
102060
102030
102010
101980
101950
101950
101920
101970
102020
102030
102070
102110
102090
102030
101910
101810
101760
101730
101730
101770
101790
101820
101840
101830
101830
101840
101750
101730
101710
101690
101670
101730
101830
101840
101840
101830
101800
101760
101650
101570
101500
101500
101570
101600
101650
101710
101680
101670
101660
101650
101650
101650
101600
101610
101600
101650
101750
101800
101850
101890
101850
101810
101750
101670
101630
101590
101600
101630
101690
101790
101820
101810
101820
101830
101840
101840
101820
101780
101780
101780
101820
101880
101940
101980
101980
101910
101840
101790
101760
101750
101740
101750
101790
101880
101930
101940
101940
101900
101870
101860
101830
101820
101800
101820
101870
101950
102000
102030
102000
101960
101870
101810
101760
101760
101760
101820
101850
101910
101950
101950
101950
101950
101940
101900
101870
101830
101790
101800
101840
101910
101920
101930
101980
101910
101820
101720
101670
101640
101640
101660
101670
101720
101770
101790
101810
101800
101780
101760
101720
101710
101680
101680
101740
101800
101870
101910
101910
101880
101810
101740
101670
101610
101610
101660
101700
101770
101810
101830
101860
101860
101870
101850
101830
101800
101760
101810
101870
101930
101990
102030
102040
102000
101920
101840
101770
101740
101740
101760
101770
101790
101810
101820
101810
101780
101750
101710
101650
101590
101560
101560
101580
101610
101630
101680
101640
101590
101510
101420
101360
101310
101310
101300
101310
101340
101350
101300
101300
101250
101200
101170
101110
101040
101000
100990
101010
101010
101030
101090
101080
101020
100870
100740
100700
100670
100690
100710
100690
100690
100690
100640
100650
100620
100580
100550
100510
100510
100510
100560
100620
100700
100780
100840
100820
100780
100700
100670
100670
100700
100730
100850
100900
100960
101030
101070
101100
101140
101170
101160
101180
101200
101240
101300
101380
101450
101540
101600
101560
101490
101420
101370
101390
101390
101460
101530
101590
101630
101650
101660
101690
101650
101580
101580
101570
101550
101550
101570
101660
101690
101750
101770
101750
101640
101550
101450
101350
101360
101380
101410
101420
101440
101480
101450
101450
101390
101350
101320
101270
101220
101170
101200
101210
101280
101270
101260
101230
101160
101060
100960
100900
100830
100810
100810
100850
100870
100870
100870
100860
100810
100850
100790
100800
100780
100790
100810
100870
100900
100930
100960
100950
100860
100750
100660
100610
100610
100620
100650
100670
100730
100760
100770
100790
100790
100770
100760
100760
100770
100780
100840
100910
100980
101090
101160
101150
101120
101090
101040
100980
100970
101030
101080
101120
101210
101230
101250
101250
101130
101150
101190
101180
101160
101160
101180
101220
101240
101250
101230
101180
101070
100950
100930
100880
100870
100890
100890
100910
100940
100960
100960
100970
101000
101000
101080
101050
101090
101150
101200
101280
101310
101400
101480
101510
101470
101430
101340
101310
101350
101350
101390
101410
101470
101520
101510
101540
101530
101510
101500
101450
101440
101420
101430
101500
101560
101560
101580
101540
101490
101420
101330
101320
101280
101320
101340
101400
101430
101480
101460
101450
101430
101390
101400
101410
101360
101330
101380
101430
101450
101480
101470
101510
101450
101390
101320
101290
101250
101250
101300
101350
101390
101400
101390
101380
101360
101330
101320
101300
101310
101360
101310
101350
101370
101360
101420
101390
101350
101230
101130
101090
101050
101140
101240
101330
101340
101400
101420
101500
101500
101480
101470
101440
101420
101430
101460
101530
101610
101680
101680
101670
101660
101590
101490
101480
101460
101530
101590
101640
101710
101750
101800
101800
101810
101820
101750
101790
101800
101810
101830
101880
101960
102020
102020
102010
101980
101950
101850
101790
101800
101830
101900
101930
101960
102000
102040
102050
102050
102030
101960
101880
101940
101940
101930
101980
101980
102070
102110
102120
102070
101970
101910
101860
101860
101860
101920
101910
101920
101970
101970
101980
101970
101910
101920
101850
101860
101890
101900
101940
101980
102010
102000
101990
101900
101830
101730
101630
101610
101610
101620
101640
101670
101690
101720
101720
101720
101670
101620
101570
101490
101470
101470
101470
101510
101540
101550
101510
101410
101300
101190
101110
101130
101130
101090
101170
101170
101190
101140
101180
101230
101200
101180
101180
101180
101170
101210
101250
101340
101360
101400
101390
101430
101330
101310
101300
101380
101450
101500
101570
101590
101700
101780
101800
101800
101850
101770
101830
101800
101860
101870
102030
102110
102160
102230
102270
102250
102210
102150
102120
102130
102140
102240
102290
102340
102400
102390
102390
102370
102340
102330
102300
102300
102270
102320
102370
102430
102450
102480
102500
102470
102420
102320
102240
102230
102250
102250
102270
102300
102330
102330
102340
102330
102290
102290
102250
102250
102250
102250
102320
102310
102350
102340
102310
102270
102220
102130
102090
102100
102070
102090
102120
102170
102200
102210
102220
102230
102210
102180
102180
102140
102090
102150
102230
102230
102280
102290
102280
102240
102170
102080
102030
102130
102110
102120
102190
102230
102220
102250
102250
102230
102190
102180
102100
102050
102030
102050
102100
102170
102270
102290
102260
102210
102140
102050
101970
101950
101920
101930
101980
102030
102100
102110
102100
102090
102050
102030
101970
101950
101920
101940
102000
102060
102090
102090
102060
102020
101940
101830
101750
101700
101710
101750
101790
101820
101880
101910
101920
101910
101860
101820
101790
101750
101720
101740
101800
101860
101880
101920
101890
101860
101810
101710
101640
101610
101620
101660
101690
101770
101790
101830
101850
101870
101870
101870
101840
101780
101790
101820
101870
101950
102020
102060
102060
102010
101920
101850
101790
101750
101740
101770
101790
101850
101890
101910
101910
101900
101860
101800
101770
101740
101720
101750
101800
101860
101910
101930
101920
101890
101800
101680
101580
101520
101440
101500
101500
101550
101620
101620
101630
101620
101590
101560
101500
101440
101440
101480
101500
101510
101530
101590
101550
101500
101400
101290
101200
101150
101130
101130
101160
101200
101230
101250
101260
101230
101170
101110
101100
101080
101040
101150
101210
101310
101310
101390
101400
101360
101320
101260
101210
101210
101260
101280
101300
101360
101450
101510
101480
101490
101480
101420
101390
101370
101360
101410
101460
101540
101590
101620
101660
101580
101540
101470
101420
101430
101470
101470
101510
101570
101580
101590
101600
101610
101540
101520
101500
101440
101420
101480
101500
101580
101630
101650
101570
101550
101470
101400
101340
101260
101250
101280
101360
101410
101440
101480
101510
101510
101490
101480
101490
101500
101560
101620
101700
101790
101860
101900
101880
101820
101760
101670
101610
101600
101660
101720
101770
101800
101850
101900
101930
101900
101830
101810
101790
101720
101670
101730
101780
101810
101860
101860
101830
101800
101730
101690
101620
101580
101610
101590
101620
101690
101780
101830
101850
101860
101860
101820
101790
101790
101810
101860
101940
101980
102050
102080
102070
101990
101880
101820
101810
101790
101780
101800
101840
101900
101930
101920
101910
101860
101790
101780
101700
101630
101560
101570
101590
101560
101640
101570
101560
101500
101380
101310
101270
101240
101250
101280
101320
101340
101390
101450
101490
101500
101520
101530
101540
101520
101520
101630
101680
101750
101800
101820
101850
101820
101800
101780
101740
101730
101780
101860
101910
101990
102060
102130
102170
102140
102150
102110
102100
102110
102110
102190
102260
102320
102360
102340
102350
102330
102310
102260
102220
102200
102210
102240
102310
102360
102320
102360
102390
102380
102370
102330
102300
102280
102180
102260
102320
102360
102360
102370
102350
102340
102250
102170
102060
102050
102080
102070
102090
102160
102160
102180
102170
102080
101990
101930
101870
101770
101770
101710
101700
101730
101740
101740
101690
101570
101420
101360
101260
101190
101130
101140
101130
101130
101130
101140
101140
101140
101160
101060
101030
100960
100960
100970
100960
101150
101250
101340
101390
101370
101340
101350
101350
101390
101460
101560
101660
101710
101800
101840
101900
101920
101940
101900
101910
101900
101930
101980
102050
102170
102230
102230
102250
102210
102160
102150
102130
102130
102180
102240
102280
102310
102350
102400
102390
102430
102410
102370
102310
102260
102230
102250
102320
102360
102360
102380
102370
102330
102270
102190
102140
102090
102070
102080
102120
102160
102210
102230
102260
102250
102210
102170
102110
102100
102090
102100
102140
102240
102280
102300
102330
102270
102180
102160
102110
102090
102070
102090
102110
102120
102170
102180
102170
102150
102080
102030
101980
101900
101930
101930
101980
102050
102110
102130
102090
102020
101990
101940
101850
101760
101740
101750
101740
101790
101820
101860
101880
101820
101800
101740
101680
101650
101640
101680
101740
101780
101830
101820
101830
101800
101740
101650
101570
101510
101470
101500
101530
101560
101590
101620
101640
101580
101540
101460
101470
101400
101400
101440
101450
101520
101540
101580
101540
101430
101320
101240
101180
101150
101140
101170
101210
101250
101280
101280
101290
101290
101270
101210
101160
101110
101070
101110
101160
101250
101350
101330
101320
101290
101280
101230
101200
101210
101260
101330
101430
101530
101640
101700
101790
101830
101780
101780
101790
101790
101790
101820
101860
101960
102020
102030
102010
101980
101920
101910
101840
101860
101910
101930
102010
102060
102090
102150
102150
102110
102080
102040
102010
101990
102000
102010
102060
102130
102150
102150
102160
102120
102070
102020
102000
101970
102040
102070
102110
102160
102210
102250
102280
102300
102290
102240
102210
102150
102140
102180
102240
102290
102350
102400
102360
102340
102280
102230
102160
102130
102140
102160
102180
102230
102280
102310
102280
102260
102200
102140
102090
102040
102030
102040
102070
102130
102140
102130
102090
102040
101980
101900
101810
101750
101740
101740
101780
101800
101830
101880
101880
101840
101790
101720
101670
101620
101620
101630
101650
101690
101730
101710
101680
101660
101590
101520
101430
101370
101360
101360
101390
101470
101500
101530
101500
101480
101450
101390
101350
101320
101310
101330
101390
101480
101520
101500
101480
101440
101360
101320
101270
101260
101240
101280
101320
101360
101420
101470
101470
101390
101390
101300
101260
101210
101190
101220
101280
101340
101380
101390
101390
101400
101360
101330
101260
101220
101260
101330
101290
101390
101480
101510
101530
101470
101460
101410
101380
101340
101270
101300
101410
101440
101460
101510
101500
101430
101380
101280
101190
101140
101150
101190
101160
101240
101290
101350
101350
101320
101270
101220
101160
101150
101160
101200
101170
101150
101220
101180
101160
101060
100930
100840
100760
100780
100790
100830
100830
100880
100880
100860
100940
100970
100930
100850
100870
100850
100790
100930
101010
101130
101220
101280
101270
101250
101210
101190
101110
101080
101130
101190
101270
101270
101360
101410
101390
101380
101300
101250
101200
101130
101110
101100
101190
101310
101350
101290
101140
101110
101120
101000
100910
100830
100850
100910
100950
100920
100920
101020
100930
100880
100740
100680
100630
100520
100500
100560
100630
100700
100770
100790
100800
100750
100700
100630
100580
100550
100600
100720
100790
100840
100880
100920
100890
100930
100950
100930
100910
100870
100890
100930
100970
101040
101090
101130
101140
101160
101150
101070
101030
101030
101070
101120
101130
101110
101150
101160
101170
101170
101200
101180
101150
101170
101070
101030
100990
101090
101160
101220
101190
101140
101090
101000
101040
100990
101020
101010
101120
101160
101180
101290
101350
101290
101290
101300
101270
101260
101330
101400
101420
101530
101610
101670
101680
101680
101630
101610
101560
101530
101530
101560
101580
101590
101660
101700
101670
101650
101610
101560
101550
101510
101530
101560
101650
101710
101740
101760
101770
101740
101670
101610
101550
101550
101560
101590
101650
101740
101800
101860
101900
101900
101870
101820
101790
101790
101810
101850
101910
101970
102080
102110
102070
102040
101980
101890
101820
101810
101820
101840
101890
101980
102030
102100
102080
102080
101990
101890
101880
101790
101780
101730
101690
101720
101800
101860
101890
101880
101790
101650
101560
101530
101530
101530
101570
101590
101660
101650
101640
101620
101570
101550
101480
101430
101420
101430
101460
101490
101520
101540
101540
101510
101470
101380
101310
101260
101300
101290
101360
101380
101400
101420
101430
101420
101390
101340
101290
101230
101220
101240
101250
101300
101400
101430
101410
101340
101310
101250
101200
101150
101140
101190
101260
101330
101410
101480
101480
101470
101450
101380
101350
101350
101360
101400
101450
101550
101600
101630
101600
101570
101520
101450
101390
101360
101370
101380
101400
101430
101510
101610
101600
101560
101510
101450
101350
101310
101330
101380
101450
101480
101520
101530
101530
101490
101410
101340
101250
101210
101220
101250
101270
101290
101350
101400
101400
101370
101360
101300
101220
101170
101180
101210
101260
101290
101320
101340
101360
101330
101270
101180
101120
101060
101050
101040
101060
101090
101140
101180
101210
101220
101200
101120
101070
101070
101050
101060
101090
101150
101170
101220
101230
101180
101150
101120
101040
101010
101010
101050
101070
101130
101170
101240
101320
101330
101290
101240
101190
101160
101170
101220
101300
101400
101460
101510
101510
101530
101490
101440
101380
101340
101370
101370
101430
101470
101540
101620
101660
101660
101630
101590
101520
101490
101460
101490
101530
101560
101610
101640
101650
101640
101580
101550
101520
101490
101460
101490
101500
101530
101580
101600
101620
101600
101540
101490
101420
101340
101340
101330
101410
101470
101510
101550
101530
101500
101440
101340
101250
101180
101180
101160
101190
101220
101260
101310
101320
101300
101220
101180
101130
101090
101110
101130
101180
101210
101240
101260
101280
101290
101270
101200
101160
101130
101100
101120
101180
101200
101250
101300
101270
101240
101210
101150
101090
101070
101090
101170
101230
101320
101380
101410
101380
101360
101300
101240
101160
101130
101090
101130
101170
101220
101260
101310
101310
101270
101220
101190
101140
101110
101120
101160
101180
101250
101300
101290
101270
101230
101160
101080
101000
100950
100920
100940
100960
100980
101050
101100
101120
101120
101100
101050
101020
101010
101000
101040
101040
101120
101110
101130
101120
101100
101070
101010
100990
100960
100930
100950
101000
101040
101070
101140
101170
101160
101140
101110
101080
101070
101100
101130
101190
101240
101270
101330
101310
101290
101220
101140
101090
101080
101060
101060
101100
101150
101250
101270
101260
101240
101220
101160
101090
101050
101050
101090
101120
101150
101170
101190
101210
101150
101110
101030
100990
100970
100970
101010
101060
101130
101190
101260
101300
101300
101260
101220
101190
101170
101170
101200
101230
101320
101340
101340
101340
101300
101240
101220
101140
101100
101090
101080
101110
101160
101180
101240
101230
101200
101150
101040
100940
100910
100930
100990
101050
101110
101200
101220
101210
101170
101120
101040
101000
100980
100970
101000
101040
101090
101140
101190
101190
101160
101140
101110
101070
101040
101020
101050
101090
101160
101190
101220
101250
101250
101220
101110
101080
101090
101090
101090
101150
101180
101240
101280
101300
101320
101300
101250
101200
101120
101100
101110
101170
101170
101200
101230
101250
101270
101250
101200
101160
101130
101140
101180
101210
101270
101350
101440
101510
101340
101290
101190
101150
101120
101150
101130
101170
101200
101220
101200
101140
101110
101010
100920
100890
100860
100810
100780
100830
100880
101000
101020
101070
101070
101030
101000
100940
100950
100970
101000
101060
101130
101220
101250
101280
101240
101170
101090
101040
101030
101040
101080
101110
101170
101190
101250
101290
101270
101250
101250
101200
101160
101160
101190
101230
101270
101310
101340
101360
101360
101310
101260
101170
101140
101140
101140
101200
101200
101260
101280
101360
101330
101290
101260
101160
101120
101080
101130
101150
101200
101210
101260
101250
101250
101250
101210
101190
101140
101130
101110
101140
101190
101230
101280
101320
101290
101230
101230
101170
101130
101130
101170
101210
101270
101380
101390
101370
101370
101370
101300
101260
101240
101270
101300
101330
101360
101400
101450
101480
101480
101470
101430
101370
101370
101350
101380
101460
101500
101560
101560
101540
101550
101560
101500
101470
101420
101440
101450
101470
101520
101590
101650
101670
101640
101600
101530
101500
101460
101480
101540
101590
101630
101670
101630
101650
101610
101580
101530
101500
101480
101470
101490
101550
101600
101660
101690
101670
101630
101590
101490
101430
101380
101400
101400
101410
101400
101420
101420
101350
101310
101230
101150
101120
101060
101060
101080
101110
101140
101160
101170
101160
101070
100990
100900
100840
100780
100790
100830
100850
100980
101110
101140
101200
101190
101210
101120
101150
101110
101160
101220
101270
101350
101370
101450
101510
101500
101470
101440
101390
101380
101400
101420
101480
101500
101470
101490
101510
101470
101440
101380
101370
101310
101310
101310
101380
101420
101440
101480
101480
101440
101350
101280
101240
101220
101160
101130
101190
101250
101270
101250
101220
101180
101100
101030
100980
100920
100860
100840
100910
100960
100980
101030
101060
101070
101030
100970
100930
100920
100930
100930
100990
101080
101120
101160
101140
101140
101140
101110
101040
101040
101040
101070
101080
101090
101130
101160
101200
101160
101130
101120
101070
101040
101080
101040
101080
101140
101200
101190
101190
101170
101110
101080
101030
101000
101010
100990
101030
101130
101180
101190
101130
101060
100970
101040
100990
100970
100950
100950
100950
101010
100990
100990
101000
100920
100870
100790
100740
100820
100860
100850
100900
100930
100990
101040
101090
101050
100980
100930
100910
100910
100890
100900
100940
100990
101070
101100
101100
101090
101040
100980
100920
100880
100890
100900
100930
101010
101070
101110
101150
101130
101060
101030
100960
100900
100920
100960
101000
101010
101050
101080
101080
101050
100960
100930
100870
100820
100800
100840
100880
100960
100990
101020
101020
100960
100920
100840
100810
100780
100750
100780
100760
100790
100790
100860
100820
100800
100750
100700
100630
100570
100540
100570
100600
100630
100650
100700
100700
100660
100570
100530
100500
100460
100460
100470
100490
100520
100540
100530
100500
100480
100440
100400
100370
100310
100260
100230
100210
100260
100280
100320
100340
100290
100240
100160
100170
100160
100170
100180
100190
100260
100310
100360
100350
100310
100320
100240
100200
100190
100180
100160
100290
100350
100450
100450
100520
100570
100570
100510
100480
100490
100560
100620
100690
100760
100790
100870
100890
100890
100870
100790
100810
100830
100790
100830
100860
100940
101000
101040
100990
101010
100990
100930
100860
100880
100900
100890
100930
100940
100950
101010
100980
100960
100920
100850
100780
100750
100710
100720
100720
100770
100840
100890
100920
100910
100860
100810
100760
100740
100730
100740
100770
100800
100810
100800
100800
100750
100690
100670
100650
100670
100640
100630
100690
100730
100760
100830
100860
100860
100830
100750
100760
100750
100770
100780
100850
100910
100920
100920
100890
100850
100830
100780
100760
100730
100670
100670
100670
100650
100670
100700
100670
100610
100570
100570
100540
100510
100480
100460
100480
100530
100590
100580
100570
100490
100450
100470
100450
100420
100420
100420
100440
100490
100570
100640
100710
100740
100720
100680
100680
100690
100720
100740
100780
100840
100870
100900
100920
100900
100870
100790
100780
100750
100810
100790
100800
100820
100850
100880
100890
100860
100820
100800
100750
100680
100690
100670
100680
100710
100720
100740
100700
100680
100640
100640
100670
100650
100690
100720
100820
100920
101000
101020
101020
101030
100950
100930
100900
100870
100880
100900
100940
100980
101020
101030
100990
100970
100900
100850
100930
100940
100970
101040
101060
101110
101170
101260
101330
101280
101220
101150
101130
101090
101130
101170
101200
101260
101270
101300
101310
101290
101250
101160
101150
101140
101070
101080
101140
101180
101220
101300
101310
101290
101200
101150
101100
101070
101020
101050
101090
101130
101160
101170
101150
101120
101080
101010
100980
100950
100910
100940
100960
101020
101060
101070
101090
101050
100960
100900
100860
100830
100830
100830
100880
100890
100900
100930
100910
100860
100780
100700
100680
100670
100660
100660
100650
100690
100750
100810
100840
100830
100770
100680
100600
100580
100560
100560
100540
100560
100570
100620
100590
100550
100480
100400
100330
100290
100310
100350
100360
100410
100470
100520
100590
100560
100520
100440
100440
100410
100440
100450
100490
100510
100530
100570
100630
100640
100640
100590
100510
100460
100460
100470
100520
100570
100630
100680
100710
100690
100630
100610
100570
100540
100570
100570
100630
100680
100730
100740
100720
100690
100680
100630
100610
100610
100610
100610
100640
100700
100730
100760
100770
100760
100730
100670
100610
100580
100620
100630
100640
100650
100670
100710
100730
100750
100720
100670
100660
100650
100660
100680
100720
100780
100760
100790
100850
100840
100790
100740
100720
100680
100650
100670
100770
100820
100870
100870
100870
100830
100810
100790
100770
100730
100690
100690
100750
100800
100850
100900
100900
100880
100850
100830
100750
100690
100690
100700
100740
100770
100760
100800
100770
100750
100720
100660
100590
100560
100530
100530
100540
100520
100540
100560
100570
100560
100510
100450
100410
100360
100360
100380
100430
100450
100450
100470
100420
100370
100340
100300
100250
100210
100180
100180
100190
100210
100240
100270
100300
100270
100200
100150
100100
100100
100090
100050
100070
100110
100130
100160
100130
100150
100110
100090
100040
100000
100010
100060
100090
100170
100230
100260
100280
100290
100260
100220
100190
100160
100240
100240
100300
100330
100330
100300
100300
100310
100240
100190
100180
100150
100150
100190
100250
100280
100250
100310
100350
100380
100360
100270
100240
100210
100200
100200
100260
100290
100310
100310
100340
100320
100280
100270
100220
100200
100200
100200
100220
100250
100270
100300
100320
100270
100250
100210
100180
100150
100160
100160
100230
100260
100310
100320
100300
100300
100280
100250
100240
100190
100150
100190
100220
100280
100330
100400
100430
100410
100350
100300
100270
100270
100260
100260
100250
100300
100310
100320
100260
100250
100220
100160
100130
100100
100040
100080
100100
100130
100140
100180
100210
100150
100100
100070
100000
100000
100020
100050
100060
100070
100130
100100
100080
100100
100040
99970
99900
99870
99900
99920
99930
100000
100060
100110
100150
100110
100040
99970
99920
99880
99900
99950
100000
100060
100100
100130
100140
100130
100110
100060
100030
100000
99950
99960
100010
100030
100090
100060
100130
100080
100000
99940
99900
99880
99880
99920
100000
99980
99990
100000
100000
99970
99950
99890
99840
99790
99760
99770
99820
99860
99860
99930
99920
99850
99790
99680
99640
99620
99600
99610
99650
99720
99760
99800
99790
99810
99820
99820
99780
99760
99740
99790
99850
99920
99990
100050
100100
100070
100060
100000
99990
99990
100040
100060
100130
100170
100200
100230
100230
100250
100230
100220
100190
100160
100170
100220
100250
100310
100330
100400
100420
100400
100350
100340
100330
100300
100300
100320
100360
100440
100520
100530
100550
100570
100540
100520
100480
100440
100420
100440
100490
100540
100560
100600
100630
100620
100590
100550
100520
100480
100500
100500
100530
100550
100630
100680
100650
100650
100640
100620
100600
100580
100550
100580
100600
100650
100670
100700
100730
100700
100640
100580
100520
100510
100490
100510
100530
100580
100590
100640
100630
100630
100560
100520
100500
100450
100460
100460
100480
100510
100560
100590
100640
100630
100580
100520
100470
100440
100440
100460
100480
100520
100530
100520
100500
100510
100490
100430
100390
100370
100340
100340
100340
100400
100440
100470
100490
100450
100380
100350
100290
100280
100340
100350
100370
100390
100370
100360
100390
100350
100380
100360
100310
100280
100270
100260
100300
100340
100370
100390
100420
100420
100380
100340
100340
100310
100320
100370
100390
100450
100450
100500
100500
100500
100470
100420
100370
100360
100360
100350
100360
100390
100420
100480
100470
100460
100400
100360
100350
100320
100330
100340
100360
100360
100360
100390
100410
100400
100370
100370
100350
100350
100320
100310
100360
100430
100450
100490
100550
100540
100480
100450
100430
100390
100420
100440
100470
100520
100500
100530
100530
100500
100470
100460
100460
100420
100430
100480
100520
100570
100630
100660
100680
100640
100580
100550
100520
100520
100510
100520
100550
100600
100610
100630
100670
100650
100600
100570
100510
100470
100420
100430
100520
100580
100630
100680
100740
100710
100660
100590
100590
100600
100590
100580
100570
100600
100620
100640
100630
100640
100620
100590
100560
100520
100490
100560
100580
100620
100660
100700
100730
100710
100660
100630
100580
100520
100510
100530
100560
100600
100610
100590
100560
100550
100530
100510
100460
100430
100390
100380
100430
100510
100570
100580
100600
100590
100520
100500
100450
100450
100410
100390
100430
100480
100510
100510
100500
100470
100460
100470
100430
100430
100400
100420
100470
100540
100570
100590
100660
100630
100630
100550
100530
100530
100540
100490
100520
100610
100620
100670
100690
100730
100730
100690
100610
100580
100570
100600
100630
100710
100750
100830
100880
100830
100780
100700
100630
100590
100550
100540
100610
100660
100720
100740
100780
100770
100740
100680
100640
100560
100570
100570
100620
100680
100780
100810
100820
100760
100720
100630
100580
100540
100530
100520
100560
100540
100580
100600
100650
100680
100640
100610
100550
100540
100520
100510
100520
100560
100580
100610
100630
100630
100600
100550
100490
100450
100420
100400
100420
100480
100510
100510
100500
100470
100430
100400
100400
100370
100330
100330
100390
100470
100560
100600
100610
100600
100580
100540
100510
100480
100480
100490
100520
100530
100560
100560
100570
100580
100580
100550
100540
100500
100500
100500
100530
100600
100660
100750
100790
100800
100790
100780
100800
100770
100800
100840
100880
100880
100860
100870
100860
100880
100870
100840
100810
100780
100750
100780
100820
100880
100910
100930
100990
100960
100950
100890
100890
100890
100890
100930
100950
100960
101000
100980
100980
100960
100900
100860
100830
100810
100780
100790
100850
100880
100870
100880
100920
100890
100870
100810
100740
100710
100690
100730
100760
100780
100760
100740
100750
100700
100640
100590
100550
100530
100500
100510
100560
100570
100600
100640
100640
100640
100590
100510
100430
100390
100390
100410
100450
100490
100520
100500
100430
100390
100320
100280
100290
100300
100270
100280
100310
100330
100360
100420
100440
100440
100410
100360
100330
100390
100400
100410
100420
100420
100450
100460
100450
100450
100430
100400
100390
100370
100340
100380
100410
100500
100540
100580
100580
100530
100490
100450
100410
100390
100400
100430
100490
100510
100520
100530
100550
100560
100510
100460
100390
100360
100350
100410
100470
100520
100550
100570
100570
100540
100450
100390
100340
100320
100340
100340
100370
100410
100430
100470
100430
100430
100400
100350
100290
100230
100220
100170
100150
100190
100230
100250
100260
100210
100180
100150
100060
100020
100020
99940
99970
99920
99910
99820
99870
99810
99690
99590
99470
99360
99370
99280
99250
99160
99150
99000
98900
98640
98520
98320
98040
97890
97810
97760
97770
97740
97840
97910
98040
98190
98350
98500
98520
98770
98900
99020
99200
99320
99440
99600
99790
99840
99760
99750
99730
99760
99770
99840
99950
100050
100160
100200
100210
100240
100240
100240
100230
100220
100190
100160
100200
100250
100300
100370
100430
100420
100400
100350
100330
100340
100320
100340
100380
100440
100480
100470
100480
100480
100480
100420
100400
100360
100330
100350
100430
100500
100570
100570
100570
100540
100540
100510
100500
100500
100510
100510
100550
100550
100600
100580
100600
100600
100580
100560
100570
100580
100560
100580
100600
100660
100710
100790
100820
100810
100780
100760
100720
100720
100720
100730
100750
100800
100830
100830
100820
100770
100770
100710
100700
100690
100670
100660
100690
100740
100800
100860
100920
100930
100880
100830
100830
100830
100820
100830
100880
100870
100880
100880
100860
100850
100810
100770
100750
100740
100710
100710
100740
100790
100870
100950
101000
100990
100940
100920
100920
100890
100880
100900
100930
100980
100980
100990
101000
100960
100950
100940
100920
100930
100900
100920
100940
101020
101050
101070
101100
101100
101100
101110
101080
101080
101070
101050
101080
101120
101130
101130
101140
101120
101070
101040
101020
100950
100950
100970
101020
101090
101140
101170
101170
101180
101100
101050
101000
101000
101000
100990
101010
101050
101050
101020
101000
100980
100920
100860
100840
100760
100770
100800
100840
100890
100920
100920
100940
100940
100890
100830
100820
100800
100770
100800
100840
100870
100870
100870
100860
100870
100850
100790
100760
100740
100740
100750
100810
100880
100920
100940
100980
100980
100930
100890
100840
100800
100800
100780
100790
100820
100860
100860
100890
100890
100880
100840
100840
100830
100800
100800
100850
100920
100950
100960
101010
100990
100960
100870
100820
100820
100830
100870
100900
100940
100990
100990
100990
101010
100990
100950
100920
100850
100830
100820
100870
100890
100890
100920
100950
100920
100910
100870
100810
100760
100770
100800
100810
100820
100830
100810
100810
100770
100690
100640
100570
100550
100500
100520
100570
100590
100620
100670
100670
100610
100550
100490
100450
100420
100440
100460
100480
100530
100540
100540
100530
100480
100440
100390
100340
100300
100280
100280
100280
100330
100350
100340
100360
100330
100290
100240
100160
100140
100200
100160
100120
100160
100150
100210
100170
100090
100090
100040
99980
99950
99930
99890
99940
99940
100000
100000
99990
100010
99990
99920
99980
99940
99970
99970
99990
99990
100070
100050
100080
100140
100110
99990
100030
100040
100020
100070
100110
100170
100220
100260
100300
100320
100300
100340
100330
100290
100310
100310
100340
100450
100480
100500
100520
100520
100500
100470
100440
100420
100410
100400
100450
100500
100540
100610
100680
100700
100670
100640
100640
100640
100650
100670
100750
100740
100790
100830
100850
100870
100890
100870
100840
100810
100820
100810
100840
100920
101010
101090
101110
101090
101040
100990
100960
100930
100940
100960
101020
101070
101130
101150
101160
101150
101100
101090
101020
100990
100970
100960
100960
101000
101030
101090
101110
101060
101030
100970
100910
100840
100840
100840
100880
100910
100940
100940
100930
100900
100830
100750
100710
100710
100630
100590
100530
100580
100620
100650
100670
100690
100650
100590
100560
100510
100480
100500
100560
100610
100620
100610
100570
100560
100500
100440
100390
100350
100340
100270
100280
100320
100370
100460
100490
100490
100450
100370
100350
100350
100310
100330
100360
100400
100420
100420
100420
100400
100330
100300
100280
100270
100260
100260
100240
100250
100280
100310
100320
100260
100200
100100
100060
100040
100040
100040
100060
100060
100080
100060
100040
99990
99930
99860
99800
99750
99720
99690
99680
99680
99690
99670
99660
99630
99510
99430
99390
99400
99380
99350
99450
99420
99400
99370
99390
99310
99310
99280
99230
99250
99240
99200
99210
99220
99270
99320
99350
99380
99330
99330
99330
99360
99340
99330
99400
99400
99540
99530
99580
99600
99620
99580
99570
99560
99570
99600
99620
99670
99720
99780
99830
99840
99800
99730
99740
99780
99830
99870
99880
99950
100000
100020
100040
100020
100030
99970
99940
99890
99890
99930
99980
100030
100070
100180
100210
100210
100170
100130
100080
100100
100080
100100
100140
100170
100190
100230
100220
100230
100230
100220
100180
100150
100130
100130
100160
100210
100280
100350
100410
100390
100380
100320
100280
100300
100300
100300
100370
100410
100460
100490
100500
100460
100440
100370
100350
100360
100340
100300
100330
100360
100410
100460
100460
100430
100400
100360
100310
100280
100280
100300
100360
100370
100400
100430
100410
100390
100350
100310
100250
100190
100170
100210
100250
100290
100300
100340
100350
100310
100270
100180
100110
100080
100080
100120
100140
100200
100220
100230
100210
100210
100170
100110
100060
100050
100030
100040
100060
100130
100190
100230
100270
100220
100180
100100
100040
100060
100030
100020
100050
100080
100130
100160
100150
100100
100050
100020
99950
99920
99860
99880
99940
100030
100070
100120
100110
100080
100040
100000
99950
99900
99910
99940
100010
100040
100070
100080
100100
100100
100040
100020
99940
99950
99950
99960
100020
100050
100060
100130
100170
100220
100220
100180
100130
100080
100090
100090
100110
100150
100240
100290
100300
100300
100290
100270
100300
100230
100230
100210
100270
100290
100310
100340
100340
100280
100280
100230
100200
100200
100210
100220
100230
100260
100270
100300
100360
100310
100300
100200
100200
100170
100150
100130
100160
100190
100230
100320
100310
100230
100200
100150
100080
100070
100090
100120
100140
100180
100200
100260
100250
100200
100130
100050
100070
100030
99970
100040
100080
100120
100200
100190
100190
100160
100130
100080
100050
99990
100000
100000
100050
100030
100040
100070
100080
100050
99980
99940
99920
99920
99870
99870
99950
100000
100050
100120
100160
100140
100110
100090
100070
100090
100120
100130
100150
100210
100260
100320
100330
100360
100330
100290
100290
100300
100310
100350
100360
100440
100510
100550
100590
100560
100570
100560
100550
100560
100560
100540
100590
100680
100700
100730
100750
100690
100650
100610
100600
100600
100620
100660
100690
100740
100800
100870
100910
100850
100830
100780
100740
100760
100780
100790
100840
100870
100890
100890
100890
100850
100790
100750
100700
100690
100720
100730
100740
100780
100820
100850
100880
100830
100810
100780
100720
100760
100750
100710
100750
100710
100780
100780
100820
100830
100760
100720
100700
100710
100740
100750
100670
100730
100690
100730
100790
100720
100680
100620
100580
100640
100650
100660
100720
100810
100860
100810
100790
100780
100830
100820
100760
100700
100690
100660
100740
100760
100880
100930
100980
100990
100940
100870
100870
100910
100920
100910
100950
100970
100980
101010
101050
101070
101050
101030
101000
100960
100930
100930
100970
101020
101120
101150
101170
101120
101100
101090
101040
101040
101050
101010
101070
101100
101130
101120
101110
101100
101090
101040
100990
100970
100940
100940
100970
100970
101020
101080
101100
101070
101050
101010
100960
100940
100930
100930
100960
101030
101070
101100
101100
101070
101010
100970
100920
100890
100900
100910
100910
100980
101080
101170
101180
101170
101120
101050
100970
100950
100950
100970
100990
101020
101070
101090
101110
101050
101020
100950
100920
100880
100880
100910
100950
101000
101080
101130
101130
101120
101090
101050
101020
100980
100970
100990
101010
101020
101050
101060
101050
101040
100990
100920
100880
100860
100830
100810
100860
100890
100930
100990
101020
101000
100970
100930
100890
100890
100880
100870
100910
100950
100990
101000
101010
100980
100950
100900
100850
100780
100760
100780
100810
100830
100890
100920
100940
100970
100940
100890
100880
100880
100880
100880
100870
100910
100930
100950
100950
100910
100880
100840
100800
100780
100790
100810
100840
100900
100970
101030
101040
101020
101000
100980
100950
100940
100920
100940
100950
100980
101010
101040
101050
101040
100970
100920
100890
100870
100830
100850
100870
100970
101040
101110
101140
101140
101110
101080
101040
101030
101030
101050
101070
101120
101140
101160
101240
101210
101180
101130
101060
101030
101030
101040
101010
101050
101110
101130
101160
101170
101160
101150
101090
101080
101070
101090
101130
101180
101200
101260
101270
101240
101180
101140
101100
101090
101070
101060
101100
101180
101270
101290
101290
101310
101300
101290
101250
101200
101180
101200
101220
101250
101280
101280
101270
101230
101180
101140
101110
101130
101110
101140
101180
101210
101270
101280
101290
101280
101220
101170
101100
101070
101100
101130
101160
101200
101260
101270
101250
101200
101140
101130
101080
101060
101040
101030
101040
101100
101170
101240
101230
101190
101140
101110
101060
101050
101010
101020
101080
101110
101130
101120
101150
101120
101080
101040
101020
100950
100940
100930
100920
100930
100970
100990
100990
100960
100950
100950
100890
100880
100890
100900
100900
100930
100940
100940
100960
100940
100920
100890
100860
100850
100860
100880
100910
100940
100990
101010
101020
101020
100980
100970
100940
100900
100920
100950
100980
101020
101030
101040
101000
100990
100930
100870
100840
100870
100870
100900
100900
100920
101000
101030
101050
101040
101060
101030
100970
100930
100910
100910
100930
100970
100990
101010
101000
100980
100960
100920
100870
100810
100780
100770
100790
100820
100880
100930
100940
100960
100940
100880
100850
100820
100780
100770
100800
100830
100840
100860
100830
100800
100730
100680
100620
100600
100630
100600
100630
100710
100780
100800
100810
100790
100720
100690
100650
100600
100590
100580
100600
100640
100700
100710
100710
100710
100640
100590
100560
100540
100540
100530
100540
100630
100660
100700
100720
100690
100630
100600
100580
100540
100540
100580
100590
100640
100660
100720
100690
100650
100580
100510
100440
100450
100470
100480
100490
100510
100560
100590
100590
100570
100550
100520
100470
100430
100430
100420
100460
100480
100530
100540
100520
100480
100410
100380
100330
100350
100370
100400
100430
100460
100500
100570
100610
100600
100540
100510
100470
100460
100490
100520
100570
100620
100660
100680
100700
100660
100590
100580
100550
100540
100540
100570
100600
100670
100710
100730
100710
100740
100700
100650
100630
100590
100600
100610
100630
100670
100710
100740
100730
100730
100660
100610
100560
100510
100540
100570
100580
100640
100680
100740
100720
100740
100720
100680
100640
100640
100630
100640
100690
100760
100760
100810
100810
100810
100730
100710
100670
100660
100640
100660
100690
100730
100810
100810
100820
100810
100770
100720
100660
100640
100630
100660
100720
100790
100850
100880
100890
100850
100830
100780
100750
100690
100710
100720
100740
100800
100860
100880
100920
100950
100950
100920
100860
100840
100820
100820
100840
100890
100920
100910
100910
100910
100860
100790
100750
100710
100700
100720
100730
100770
100830
100880
100910
100900
100910
100880
100800
100740
100720
100720
100750
100800
100840
100840
100850
100840
100780
100730
100670
100640
100630
100650
100660
100720
100760
100790
100770
100760
100730
100670
100620
100620
100610
100630
100650
100700
100740
100770
100750
100700
100640
100580
100540
100540
100520
100530
100540
100620
100670
100690
100700
100680
100620
100530
100520
100500
100510
100530
100570
100590
100640
100630
100620
100610
100590
100500
100490
100500
100500
100530
100560
100610
100690
100730
100710
100700
100700
100640
100630
100640
100620
100640
100690
100740
100770
100800
100830
100820
100800
100730
100690
100660
100660
100680
100740
100800
100890
100930
100950
100950
100930
100920
100890
100860
100890
100920
100950
101020
101070
101100
101090
101060
101010
100950
100890
100920
100950
100950
100990
101040
101150
101160
101200
101190
101170
101150
101110
101080
101070
101100
101160
101220
101240
101230
101220
101180
101130
101060
101030
101000
101010
101020
101080
101130
101170
101180
101180
101150
101120
101080
101050
101000
101010
101060
101100
101160
101170
101200
101160
101090
100980
100910
100800
100790
100800
100790
100810
100840
100940
100970
100950
100970
100920
100830
100760
100700
100660
100760
100640
100770
100850
100780
100710
100610
100550
100500
100440
100410
100410
100390
100450
100510
100600
100610
100590
100520
100470
100380
100330
100290
100290
100290
100320
100330
100390
100420
100380
100350
100280
100220
100190
100190
100200
100250
100290
100320
100340
100400
100410
100370
100340
100310
100260
100250
100280
100320
100340
100380
100450
100500
100500
100440
100390
100300
100290
100260
100280
100290
100270
100310
100350
100400
100400
100360
100370
100340
100360
100350
100360
100400
100450
100520
100580
100590
100630
100670
100610
100520
100510
100500
100490
100510
100620
100630
100680
100740
100740
100740
100730
100700
100660
100660
100660
100730
100790
100860
100890
100950
100940
100920
100850
100790
100760
100740
100780
100810
100850
100900
100960
101030
101030
101010
101030
101010
100960
100930
100950
100980
101000
101060
101130
101160
101160
101120
101080
101030
100980
100970
100990
101010
101040
101070
101100
101150
101170
101150
101120
101080
101060
101020
101040
101050
101100
101140
101150
101180
101170
101140
101090
101020
100960
100940
100940
100980
101030
101070
101090
101120
101160
101150
101100
101070
101020
100990
100980
101010
101050
101110
101150
101150
101130
101090
101040
101000
100970
100950
100990
101020
101040
101070
101140
101190
101200
101190
101180
101120
101070
101020
101020
101050
101100
101170
101230
101230
101210
101180
101120
101070
101020
100980
101010
101010
101040
101090
101140
101150
101130
101110
101060
101030
101000
100950
100930
100950
100980
101000
101030
101050
101050
101010
100950
100890
100860
100840
100850
100870
100890
100930
100970
100980
100970
100990
100940
100890
100880
100830
100810
100820
100860
100900
100950
100980
100960
100900
100840
100780
100770
100770
100790
100830
100860
100920
101000
101010
101020
101010
100990
100970
100940
100940
100970
101000
101050
101060
101100
101110
101080
101040
100950
100870
100850
100850
100880
100970
101020
101060
101100
101110
101100
101090
101060
100970
100940
100890
100890
100920
100950
101000
101020
101020
100990
100930
100860
100820
100780
100770
100780
100820
100860
100890
100930
100960
100960
100960
100900
100830
100780
100730
100710
100730
100770
100810
100820
100830
100800
100750
100660
100590
100560
100540
100550
100580
100580
100600
100670
100700
100700
100670
100630
100540
100520
100480
100460
100510
100590
100650
100660
100650
100650
100600
100540
100510
100470
100480
100510
100520
100550
100620
100670
100670
100640
100640
100610
100610
100580
100600
100580
100600
100650
100710
100720
100730
100690
100640
100560
100490
100450
100430
100480
100520
100520
100560
100630
100680
100670
100690
100670
100670
100680
100640
100660
100690
100730
100780
100870
100950
100950
100920
100880
100870
100820
100830
100850
100890
100970
101050
101130
101170
101200
101190
101180
101160
101160
101190
101180
101210
101250
101280
101340
101420
101400
101350
101310
101260
101250
101240
101250
101280
101330
101380
101410
101450
101440
101420
101370
101300
101240
101200
101190
101200
101230
101310
101330
101340
101320
101280
101220
101150
101090
101050
101060
101090
101120
101170
101180
101170
101140
101080
101040
100980
100930
100910
100890
100900
100930
100930
100970
101010
100990
100920
100850
100790
100720
100720
100730
100790
100810
100830
100880
100870
100870
100830
100770
100700
100640
100550
100510
100520
100540
100570
100620
100600
100600
100510
100470
100390
100350
100310
100290
100280
100300
100310
100330
100370
100370
100310
100230
100220
100190
100140
100110
100140
100140
100160
100210
100210
100220
100170
100070
99980
99960
99970
99960
99960
99980
100020
100020
100010
100050
100000
99960
99940
99890
99860
99830
99880
99890
99930
99950
99990
99990
100000
99910
99890
99880
99870
99930
99960
100010
100050
100120
100110
100140
100110
100110
100110
100080
100080
100100
100160
100250
100360
100470
100520
100580
100540
100500
100520
100530
100550
100620
100700
100770
100860
100900
100980
101010
101060
101050
101060
101070
101070
101080
101130
101140
101270
101350
101390
101370
101360
101350
101310
101260
101270
101330
101380
101390
101470
101550
101560
101570
101580
101580
101590
101560
101540
101540
101570
101630
101680
101700
101680
101660
101600
101530
101470
101430
101440
101460
101500
101540
101620
101670
101690
101710
101710
101690
101630
101580
101550
101530
101540
101590
101650
101710
101730
101690
101650
101570
101520
101480
101450
101470
101500
101540
101610
101650
101670
101670
101650
101640
101610
101570
101560
101560
101600
101690
101750
101810
101830
101820
101770
101720
101600
101550
101540
101590
101630
101680
101750
101780
101790
101790
101760
101710
101650
101610
101570
101570
101600
101650
101720
101760
101790
101750
101660
101590
101530
101490
101450
101480
101520
101570
101630
101670
101690
101690
101650
101640
101560
101520
101490
101470
101490
101540
101600
101670
101680
101660
101580
101520
101450
101390
101380
101420
101470
101510
101570
101640
101670
101660
101600
101560
101500
101440
101410
101410
101450
101510
101580
101610
101650
101620
101550
101480
101410
101370
101360
101390
101420
101460
101520
101540
101570
101590
101580
101560
101510
101440
101390
101370
101370
101410
101450
101490
101520
101480
101390
101340
101280
101220
101240
101250
101280
101320
101400
101410
101430
101440
101440
101420
101390
101370
101340
101310
101330
101390
101430
101470
101550
101510
101470
101370
101300
101270
101250
101260
101280
101310
101330
101370
101390
101350
101330
101300
101270
101220
101200
101200
101230
101280
101330
101420
101460
101460
101400
101350
101310
101300
101320
101340
101370
101420
101520
101560
101570
101580
101550
101520
101490
101460
101430
101400
101430
101490
101530
101590
101590
101560
101510
101430
101350
101330
101310
101320
101370
101420
101490
101530
101520
101520
101500
101470
101390
101380
101350
101340
101380
101410
101460
101550
101580
101550
101520
101430
101390
101360
101380
101400
101440
101490
101550
101590
101600
101620
101600
101580
101530
101480
101460
101440
101460
101520
101590
101660
101690
101640
101600
101540
101470
101440
101450
101500
101510
101550
101610
101650
101660
101680
101640
101610
101540
101500
101470
101470
101510
101540
101570
101610
101630
101610
101560
101530
101470
101430
101440
101450
101510
101550
101600
101620
101640
101610
101590
101570
101500
101480
101450
101400
101440
101500
101540
101590
101630
101610
101590
101510
101490
101480
101510
101590
101610
101650
101710
101740
101740
101750
101750
101730
101680
101650
101660
101660
101710
101760
101790
101830
101820
101790
101730
101650
101590
101560
101580
101620
101670
101720
101750
101790
101830
101830
101810
101760
101750
101670
101640
101620
101620
101680
101720
101780
101810
101800
101750
101690
101650
101610
101590
101620
101660
101680
101700
101720
101740
101750
101730
101710
101670
101640
101580
101580
101590
101600
101610
101650
101670
101650
101610
101520
101460
101440
101420
101400
101420
101440
101490
101540
101560
101530
101490
101450
101410
101340
101310
101280
101300
101320
101340
101360
101350
101290
101220
101160
101090
101060
101060
101090
101110
101160
101200
101240
101250
101260
101210
101190
101130
101060
101070
101070
101110
101170
101190
101240
101250
101210
101140
101080
100990
100940
100940
100990
101030
101080
101110
101150
101160
101180
101160
101120
101080
101020
100990
101010
101060
101120
101190
101230
101240
101220
101190
101090
101040
101020
101030
101120
101160
101200
101260
101350
101370
101380
101320
101280
101280
101290
101290
101300
101350
101410
101450
101490
101530
101510
101460
101380
101350
101320
101320
101370
101430
101470
101510
101570
101570
101530
101520
101490
101430
101420
101420
101410
101430
101500
101570
101630
101640
101620
101560
101500
101430
101400
101390
101440
101480
101520
101570
101610
101630
101630
101620
101590
101560
101520
101500
101490
101530
101590
101640
101690
101710
101680
101610
101520
101460
101400
101400
101440
101450
101450
101510
101560
101540
101530
101500
101470
101460
101430
101420
101390
101420
101490
101570
101640
101660
101640
101610
101560
101490
101470
101470
101510
101550
101620
101700
101760
101760
101720
101730
101680
101660
101590
101610
101610
101680
101760
101830
101890
101910
101880
101810
101720
101640
101620
101620
101650
101660
101680
101730
101790
101790
101770
101730
101730
101670
101640
101600
101590
101620
101650
101690
101720
101710
101680
101570
101510
101440
101420
101420
101440
101450
101490
101530
101570
101610
101600
101600
101580
101560
101520
101520
101500
101520
101580
101650
101680
101690
101650
101560
101480
101410
101370
101380
101440
101480
101510
101560
101570
101600
101600
101580
101540
101520
101470
101450
101480
101500
101570
101640
101680
101700
101680
101610
101520
101440
101400
101460
101490
101520
101530
101600
101620
101590
101590
101570
101560
101540
101500
101470
101460
101490
101560
101580
101570
101600
101550
101470
101380
101320
101320
101300
101310
101340
101390
101450
101510
101540
101530
101520
101520
101520
101490
101510
101480
101530
101550
101630
101630
101640
101590
101550
101500
101440
101440
101460
101490
101530
101570
101610
101670
101690
101720
101740
101720
101710
101650
101670
101670
101720
101740
101830
101910
101920
101960
101920
101870
101810
101780
101780
101840
101860
101890
101940
101960
102000
101990
101930
101870
101850
101800
101750
101730
101760
101810
101900
101980
102000
101970
101930
101890
101810
101790
101780
101810
101830
101900
101990
102050
102060
102050
102020
101980
101930
101930
101920
101890
101950
101980
102030
102070
102100
102060
101990
101880
101780
101740
101720
101760
101830
101870
101910
101910
101920
101920
101840
101740
101680
101630
101620
101580
101620
101660
101680
101770
101730
101700
101610
101540
101460
101370
101350
101380
101390
101420
101500
101530
101570
101470
101500
101430
101410
101390
101410
101390
101430
101500
101590
101630
101660
101650
101580
101490
101440
101420
101420
101460
101490
101530
101620
101640
101660
101690
101650
101610
101610
101580
101630
101640
101660
101730
101800
101880
101930
101900
101840
101800
101750
101740
101760
101800
101870
101960
102000
102040
102050
102040
102000
101970
101950
101910
101900
101870
101900
101910
101950
102010
102040
101980
101920
101820
101740
101670
101660
101680
101740
101770
101800
101820
101780
101750
101730
101710
101670
101640
101630
101610
101640
101690
101730
101750
101770
101760
101720
101640
101580
101560
101540
101560
101600
101640
101680
101720
101740
101720
101700
101650
101610
101570
101520
101500
101510
101560
101610
101650
101680
101660
101610
101500
101430
101340
101330
101430
101400
101450
101520
101540
101620
101590
101630
101630
101610
101530
101470
101480
101460
101510
101520
101540
101650
101650
101570
101500
101420
101360
101380
101420
101460
101510
101550
101580
101630
101640
101650
101630
101610
101560
101560
101550
101600
101660
101720
101740
101760
101760
101700
101620
101540
101500
101460
101490
101520
101540
101590
101600
101630
101640
101630
101610
101550
101520
101490
101470
101490
101520
101550
101570
101590
101550
101490
101390
101300
101280
101250
101280
101310
101350
101370
101380
101390
101380
101340
101310
101260
101210
101160
101140
101160
101230
101280
101310
101330
101290
101200
101120
101040
101010
100990
101010
101060
101100
101110
101130
101130
101130
101110
101100
101080
101070
101030
101050
101110
101170
101230
101300
101330
101320
101280
101210
101190
101200
101230
101260
101300
101370
101440
101470
101490
101510
101490
101480
101420
101360
101360
101350
101380
101420
101440
101460
101480
101450
101390
101260
101170
101170
101090
101190
101310
101340
101420
101420
101440
101480
101480
101490
101440
101410
101430
101430
101470
101500
101530
101560
101630
101560
101480
101410
101380
101340
101350
101370
101410
101470
101510
101510
101530
101490
101470
101470
101450
101400
101360
101370
101440
101470
101520
101580
101580
101550
101490
101400
101330
101300
101270
101260
101280
101290
101330
101330
101370
101350
101400
101350
101310
101270
101220
101200
101210
101240
101260
101310
101320
101280
101230
101120
101060
101050
101020
101000
101040
101100
101140
101160
101190
101190
101170
101140
101120
101090
101080
101130
101190
101330
101450
101540
101570
101590
101560
101470
101420
101390
101440
101510
101570
101640
101690
101730
101770
101780
101810
101800
101830
101860
101850
101870
101920
101990
101970
102030
102100
102070
102000
101940
101830
101800
101780
101850
101900
101900
101930
101930
101980
102030
102000
101970
101890
101820
101820
101880
101920
101980
102020
102040
101990
101870
101770
101670
101560
101510
101510
101540
101560
101560
101570
101590
101580
101580
101510
101430
101330
101250
101200
101150
101220
101430
101590
101740
101870
101810
101770
101720
101680
101710
101730
101830
101890
101900
102010
102070
102070
102090
102120
102070
101970
102010
101950
101950
101980
102020
102080
102150
102180
102190
102120
102020
101970
101970
101920
101940
102020
102080
102150
102120
102200
102200
102130
102140
102140
102110
102060
102030
102070
102120
102170
102210
102250
102240
102160
102040
101970
101920
101920
101910
101950
102010
102040
102080
102100
102090
102050
102030
102010
102010
101980
101970
102000
102000
102040
102050
102060
102020
101880
101770
101690
101630
101660
101700
101730
101760
101780
101800
101790
101810
101790
101770
101760
101700
101680
101690
101720
101750
101790
101820
101880
101890
101860
101790
101700
101690
101720
101740
101800
101850
101970
102020
102030
101980
101950
101960
101960
101940
101920
101900
101910
101950
102010
102100
102100
102090
102020
101920
101840
101820
101840
101860
101920
101960
101950
101980
101990
101950
101940
101870
101860
101830
101800
101730
101730
101760
101810
101800
101820
101800
101740
101620
101510
101440
101430
101460
101480
101520
101550
101570
101590
101580
101540
101520
101500
101460
101410
101430
101470
101500
101560
101590
101660
101640
101590
101530
101460
101460
101490
101530
101590
101660
101710
101760
101790
101800
101780
101770
101780
101760
101730
101770
101820
101860
101950
102030
102120
102120
102070
101980
101930
101940
101930
101970
102050
102100
102140
102200
102270
102240
102210
102220
102170
102160
102180
102210
102270
102310
102410
102480
102510
102490
102400
102300
102190
102180
102190
102230
102290
102360
102440
102460
102500
102490
102440
102360
102350
102280
102250
102250
102270
102330
102400
102370
102470
102420
102330
102200
102130
102070
102050
102110
102140
102150
102170
102190
102190
102140
102080
102030
101980
101970
101950
101930
101910
101960
101990
102010
101970
101930
101890
101790
101680
101650
101660
101670
101730
101800
101820
101830
101840
101840
101840
101800
101780
101750
101730
101740
101780
101870
102030
102100
102110
102180
102120
102010
101990
101980
101980
102060
102160
102250
102380
102410
102470
102460
102480
102490
102470
102460
102470
102460
102460
102540
102560
102600
102640
102640
102590
102500
102420
102390
102380
102420
102470
102500
102540
102580
102580
102570
102530
102530
102510
102470
102460
102480
102530
102550
102630
102690
102710
102690
102660
102570
102480
102400
102400
102420
102460
102500
102540
102560
102550
102490
102440
102440
102380
102260
102260
102230
102210
102210
102210
102220
102210
102180
102100
102000
101880
101830
101780
101820
101820
101860
101810
101860
101880
101870
101800
101760
101710
101640
101600
101580
101630
101670
101760
101810
101930
101880
101830
101750
101750
101720
101680
101740
101800
101860
101940
101990
102070
102040
102040
102020
102010
101980
101930
101930
101940
101990
102030
102060
102080
102030
101970
101910
101890
101890
101910
101950
102010
102080
102140
102180
102220
102250
102240
102260
102270
102300
102310
102310
102340
102370
102440
102510
102590
102590
102520
102410
102330
102310
102290
102320
102320
102370
102400
102400
102390
102360
102340
102300
102270
102210
102180
102130
102150
102180
102230
102290
102290
102240
102160
102060
101970
101910
101910
101880
101920
101960
102010
102030
102040
102040
102020
102000
101960
101930
101920
101960
101950
102010
102060
102110
102130
102150
102090
101990
101930
101930
101920
101950
101980
102020
102070
102100
102120
102090
102070
102050
102040
101990
101970
101950
101990
102050
102110
102160
102190
102160
102100
101990
101880
101810
101770
101840
101910
102010
102090
102100
102150
102120
102130
102100
102040
101990
102010
101960
102000
102080
102170
102190
102240
102210
102190
102050
102000
101960
101930
101920
101980
102030
102140
102160
102130
102070
102040
102010
101990
101960
101900
101940
101980
101970
102070
102090
102110
102110
102050
101970
101930
101890
101890
101920
101960
102000
102030
102020
102010
101980
101950
101900
101850
101780
101760
101700
101710
101720
101750
101770
101790
101790
101670
101560
101490
101450
101420
101460
101490
101510
101560
101610
101650
101670
101620
101610
101570
101520
101470
101510
101580
101620
101720
101800
101850
101820
101760
101620
101560
101520
101520
101570
101630
101680
101740
101790
101810
101790
101780
101770
101750
101700
101680
101680
101690
101720
101800
101890
101980
101970
101900
101790
101720
101650
101660
101680
101710
101780
101830
101880
101870
101870
101890
101830
101810
101760
101750
101770
101790
101820
101900
101980
102070
102030
101960
101870
101830
101810
101870
101950
102030
102090
102150
102170
102180
102220
