290.45
290.45
290.35
290.75
290.35
289.85
289.65
289.65
289.55
291.45
293.35
294.25
294.85
294.75
295.55
295.15
294.85
293.95
292.65
291.45
291.55
291.45
291.85
292.15
292.45
292.25
292.25
292.15
291.95
292.15
292.65
293.05
293.05
293.85
294.85
295.35
295.95
296.85
296.95
296.55
296.55
295.95
295.25
295.25
295.35
295.35
295.35
295.35
295.45
295.55
295.55
295.75
295.65
295.65
295.65
295.75
295.05
295.85
295.55
295.85
296.65
296.75
297.15
295.05
293.25
293.65
292.95
293.05
293.05
292.75
292.35
292.25
292.25
292.25
292.15
291.95
291.75
292.05
292.05
292.35
292.35
292.65
292.95
293.55
293.85
293.85
293.55
293.15
293.25
292.75
292.25
292.05
292.05
291.85
291.75
291.65
291.35
291.35
290.65
290.65
290.85
290.25
290.05
290.15
289.95
290.95
291.75
292.15
292.25
292.65
293.35
293.15
292.25
291.35
290.25
289.25
288.95
288.75
288.25
288.35
288.65
288.05
289.05
289.05
288.95
289.85
288.65
289.25
289.45
291.25
291.35
293.35
293.85
294.35
294.55
294.35
293.75
293.35
292.45
291.25
291.15
290.85
291.65
292.45
291.65
291.35
291.15
291.25
291.05
291.25
292.15
292.25
291.55
293.25
294.85
295.65
296.05
296.45
296.35
296.05
295.75
295.15
294.15
293.45
292.85
292.55
292.15
292.05
291.55
291.25
290.75
290.75
290.55
290.15
290.05
289.75
290.15
293.25
295.45
296.15
296.35
296.55
297.35
297.45
297.25
296.35
295.05
292.65
292.35
292.05
291.75
291.45
291.25
291.25
291.15
290.85
290.85
290.25
290.75
290.65
290.65
289.95
289.95
290.55
289.85
289.45
289.15
288.65
289.15
288.95
288.65
288.45
288.15
287.95
288.55
288.65
288.75
288.55
288.65
288.55
288.45
288.55
288.55
288.55
288.75
289.65
290.35
290.65
290.55
292.35
292.55
292.15
291.35
291.05
290.85
290.75
290.85
290.75
289.55
290.75
291.15
291.05
291.35
291.35
291.75
291.55
291.55
290.55
291.55
293.05
293.95
293.85
295.45
295.45
295.35
294.85
295.25
294.75
293.95
293.75
293.45
293.45
293.55
293.25
293.45
293.25
293.05
293.05
292.95
292.95
292.85
292.85
293.15
293.95
295.15
295.85
295.45
296.45
296.75
295.85
295.35
293.85
293.35
293.35
291.25
291.35
291.75
291.65
291.75
291.25
290.45
290.25
290.25
289.85
290.25
290.55
290.85
291.35
292.15
291.75
291.55
291.75
292.15
292.75
292.25
291.35
291.65
291.55
291.25
291.35
291.05
291.15
291.35
291.35
290.95
290.65
291.15
291.15
291.55
291.55
290.75
290.95
291.75
291.75
291.95
290.85
290.05
290.35
290.25
289.45
289.15
289.35
289.95
290.15
290.15
289.45
289.45
289.75
289.65
289.85
289.55
289.35
289.05
289.05
288.95
289.15
290.35
291.45
292.15
292.45
292.05
290.45
291.05
289.65
289.35
288.75
288.55
289.05
288.65
289.05
288.85
288.85
288.95
288.85
289.35
289.55
288.95
289.35
289.45
289.85
291.05
290.85
291.45
292.65
293.25
293.45
292.25
291.65
290.35
289.55
289.45
289.95
290.15
289.95
290.05
289.55
289.45
288.25
289.15
289.25
289.45
289.65
289.35
289.65
292.25
293.75
293.85
292.95
293.55
293.25
293.35
293.05
291.45
290.55
290.05
289.95
289.95
289.65
289.85
290.15
289.95
289.75
289.45
289.45
289.75
289.35
289.15
290.35
291.55
291.85
291.05
291.65
291.05
290.95
290.45
289.55
289.15
289.05
288.85
289.05
289.05
289.05
288.95
288.45
288.35
288.35
288.65
288.35
288.55
288.55
288.95
289.45
289.85
291.75
292.05
292.25
293.05
292.95
293.15
292.65
291.55
290.55
290.35
290.55
290.65
290.65
290.45
290.75
289.95
289.85
289.95
290.15
290.35
290.45
291.15
291.25
291.85
293.35
293.35
293.05
293.25
294.05
293.85
293.45
293.15
292.55
291.35
291.35
290.85
291.35
291.05
289.75
289.15
288.55
287.65
287.65
287.85
287.65
287.25
286.95
286.55
286.85
287.45
287.65
287.75
286.55
287.05
287.35
287.65
287.55
287.55
287.45
287.65
287.25
286.95
286.95
286.65
286.65
286.95
286.75
286.95
286.85
286.85
287.05
287.25
288.35
287.55
288.35
289.05
287.05
288.45
288.35
287.85
286.75
287.15
287.65
287.75
287.65
287.05
287.45
287.45
287.05
287.55
287.15
287.35
287.65
287.75
288.85
290.15
291.95
293.25
293.05
293.75
293.45
292.95
291.65
291.45
289.85
289.45
289.75
289.35
289.45
289.75
289.55
290.75
290.85
290.95
290.25
288.55
288.05
289.75
291.85
292.85
293.85
294.35
294.65
294.75
294.65
293.95
293.65
292.85
292.45
292.25
292.65
292.45
292.55
292.45
292.85
292.95
292.75
292.75
293.05
291.35
291.35
291.75
292.05
294.85
295.85
295.85
296.25
296.15
295.45
295.25
294.15
294.15
293.95
294.05
293.95
293.15
293.35
292.15
291.75
291.45
291.15
290.85
290.85
291.25
291.65
291.05
290.55
291.55
291.95
293.55
293.65
293.25
293.35
293.05
292.25
292.05
291.95
291.95
291.55
291.75
291.45
291.25
291.15
290.45
290.55
290.25
290.45
290.75
290.95
291.05
291.85
292.25
292.75
294.45
292.25
291.95
291.75
291.65
292.05
291.85
291.05
291.15
289.85
289.55
289.25
289.25
289.15
289.15
289.55
288.85
288.55
288.65
288.45
288.15
291.65
293.45
294.55
295.35
295.75
295.85
295.15
295.55
294.75
293.55
292.25
291.65
291.55
291.15
290.95
290.75
291.25
291.35
291.65
291.25
291.25
291.25
292.05
292.45
293.05
293.25
293.05
294.75
295.35
295.25
295.65
295.05
294.95
293.85
293.15
292.85
292.55
292.45
291.65
291.15
290.85
290.85
290.65
289.85
289.95
289.45
289.45
289.85
292.65
294.15
294.55
295.15
296.05
297.35
297.45
296.55
296.35
295.25
294.25
293.55
293.15
292.85
292.05
291.95
291.45
291.85
291.45
291.15
290.55
291.05
291.25
291.25
294.15
295.05
295.95
296.45
296.65
296.95
296.95
296.55
296.15
295.25
294.85
294.85
294.65
294.65
294.35
294.45
294.35
294.25
294.15
294.05
294.15
294.15
293.95
294.15
294.85
295.65
296.15
295.25
294.75
294.95
294.75
295.05
294.75
294.75
294.45
294.35
294.35
294.35
294.35
294.25
294.25
294.25
294.25
294.25
294.15
294.15
294.25
294.35
294.75
295.05
295.15
295.35
295.65
296.25
295.75
295.25
295.15
294.75
294.55
294.45
294.85
294.85
294.95
295.05
295.25
295.35
295.25
295.15
295.15
295.25
295.35
295.25
295.95
297.45
298.05
298.35
298.25
298.75
298.35
297.45
297.15
296.15
295.55
294.95
294.65
294.15
293.65
293.35
293.05
293.15
293.05
292.75
292.55
292.35
292.15
291.85
292.15
292.55
293.65
292.75
292.75
292.45
291.55
291.55
291.15
290.75
290.25
290.15
290.05
290.75
290.65
290.55
290.05
289.55
289.95
290.25
290.45
289.85
290.15
290.45
291.05
291.35
291.75
292.15
292.75
292.65
293.25
293.25
293.25
293.15
293.05
293.15
293.25
292.95
293.35
293.35
293.25
293.65
293.85
293.45
293.35
293.35
293.75
294.05
294.35
295.15
295.25
295.05
295.75
295.45
295.45
295.35
295.75
295.55
295.55
295.55
295.65
295.55
295.55
295.35
294.45
294.25
294.25
293.45
293.55
293.75
293.65
293.65
294.05
294.55
295.35
297.05
297.25
297.75
297.05
296.05
295.85
295.55
295.05
294.85
294.85
294.75
294.75
294.65
294.45
294.15
293.95
293.85
294.15
293.75
293.15
292.75
292.85
292.95
293.55
293.65
293.75
293.55
294.45
293.05
292.05
291.75
291.05
291.05
291.15
291.25
290.15
289.75
290.05
290.45
290.65
289.65
289.65
289.25
289.45
289.65
289.95
290.45
291.15
291.75
291.65
290.65
290.15
290.35
290.15
290.05
290.25
290.15
289.75
289.55
289.45
289.25
289.25
289.15
288.85
288.75
288.55
288.55
288.95
288.45
287.95
288.15
287.45
287.25
287.35
287.45
287.15
286.85
287.15
286.95
286.75
287.55
286.85
286.75
286.25
286.25
285.75
286.25
286.55
285.95
286.05
286.15
286.45
286.25
286.85
287.65
288.75
289.15
288.65
289.15
287.85
287.75
287.35
287.35
286.95
287.15
287.15
287.15
287.25
287.75
288.25
287.55
287.45
287.75
288.85
288.25
288.75
288.85
290.05
291.75
292.15
293.25
292.95
291.45
290.25
291.15
292.25
291.55
290.55
290.25
290.25
290.55
290.85
291.35
291.25
291.65
291.55
290.45
290.05
289.95
289.45
289.65
291.75
292.85
293.95
294.15
293.85
295.35
294.65
294.65
292.05
290.85
290.35
289.95
289.95
290.15
290.25
289.95
290.05
289.45
289.85
289.75
289.55
289.55
289.55
289.25
289.75
289.75
291.25
290.65
290.65
290.95
289.55
290.55
289.45
288.65
288.65
288.15
288.25
287.95
288.15
288.15
288.05
288.25
288.55
288.35
288.55
287.75
287.35
287.55
289.45
290.45
291.95
292.55
292.05
293.15
292.85
292.95
292.15
291.15
290.55
290.35
290.35
290.35
290.55
290.35
290.45
290.55
290.55
291.05
290.85
290.85
291.15
291.15
292.25
293.05
294.25
293.75
295.45
295.15
295.05
294.95
294.25
293.55
292.95
292.75
292.75
292.95
292.85
292.75
292.75
292.75
292.75
292.85
292.85
292.85
293.05
293.25
294.15
295.05
295.85
295.95
296.25
296.05
296.45
295.75
295.65
295.05
294.45
294.35
294.35
294.45
294.35
294.35
294.25
294.15
294.25
294.15
294.15
293.95
293.95
294.25
295.15
295.85
296.05
296.85
297.05
297.35
297.35
297.05
296.15
295.95
295.55
295.55
295.45
295.45
292.65
292.25
292.15
292.15
291.35
291.45
291.15
291.65
291.25
291.35
291.85
291.65
290.85
290.75
290.65
290.85
290.15
289.15
288.45
288.45
288.65
288.45
289.05
288.25
287.95
288.75
288.15
287.75
288.45
288.75
289.15
288.75
289.25
289.05
289.15
289.35
290.75
290.15
291.25
290.85
290.35
289.35
289.15
288.85
288.35
288.25
288.15
288.35
288.05
288.45
288.45
288.55
288.15
287.95
287.55
287.75
287.65
287.55
289.15
290.55
290.15
289.45
289.65
291.25
292.05
291.55
291.15
290.55
289.45
288.75
288.65
289.25
290.25
290.55
290.85
290.45
290.65
290.75
290.15
289.25
289.15
290.45
292.35
293.35
294.65
294.05
294.85
295.25
294.15
293.55
292.85
292.85
292.15
292.25
292.15
291.95
291.85
291.95
291.85
291.75
291.95
291.55
291.55
291.45
290.35
290.75
292.65
293.85
294.75
295.25
295.05
295.25
295.55
295.35
294.65
293.95
293.05
292.45
292.45
292.35
291.85
292.25
292.35
292.25
292.05
292.05
291.95
292.05
292.05
292.35
293.65
294.65
295.45
295.85
296.05
296.05
295.75
295.75
295.05
294.05
293.45
293.05
293.05
292.95
292.95
292.95
293.05
292.75
292.75
292.65
292.55
292.65
292.65
292.95
294.35
295.45
295.85
296.05
296.15
296.15
296.65
296.25
295.65
295.05
294.35
294.15
293.95
294.05
293.95
293.95
293.65
293.75
293.65
293.65
293.65
293.75
293.85
294.35
295.15
295.65
296.25
297.05
296.95
297.95
297.65
296.85
296.45
295.75
295.25
295.25
295.05
294.95
294.95
294.55
293.15
292.75
293.15
292.65
292.45
292.55
292.35
292.45
293.55
294.45
295.45
296.25
296.35
296.45
296.15
294.65
293.95
293.55
292.75
292.75
292.75
292.65
292.55
292.45
292.85
292.55
292.55
292.45
292.55
292.45
292.35
292.15
293.95
295.25
295.45
295.85
296.65
296.15
296.75
295.75
295.65
295.15
294.25
294.25
293.95
294.15
294.05
293.85
293.85
294.25
293.85
293.95
294.25
294.25
294.35
294.75
295.05
296.25
297.05
296.55
297.55
297.35
297.15
296.65
296.25
295.95
295.65
295.55
295.55
295.55
295.35
295.15
295.05
294.95
294.75
294.55
293.35
293.45
293.35
293.05
292.05
292.15
292.35
293.65
293.05
293.45
293.35
292.75
292.25
291.35
291.15
291.35
291.75
290.85
290.85
291.05
290.85
290.65
290.85
290.65
290.45
290.75
290.85
290.95
290.85
291.15
291.05
292.95
292.95
292.75
292.55
292.65
292.55
292.65
292.45
292.45
292.35
292.05
292.35
292.45
291.85
291.55
291.75
292.35
291.25
290.85
291.25
291.95
293.55
293.85
294.65
296.05
296.45
296.75
296.75
297.05
296.45
296.15
295.45
294.75
294.35
294.15
294.35
294.05
293.35
292.25
291.85
291.05
290.55
290.35
290.85
290.35
290.25
289.75
290.35
292.05
291.65
292.55
292.35
292.45
291.55
291.05
290.55
290.45
290.55
290.65
290.45
290.35
290.25
290.25
290.05
289.65
290.15
290.15
289.75
289.95
289.45
290.25
291.55
292.45
292.15
292.15
292.15
292.25
291.85
291.75
291.35
291.15
291.15
291.05
291.05
291.25
291.35
291.25
291.35
291.25
290.65
290.35
290.15
290.55
290.65
291.25
291.65
292.95
293.25
293.45
292.85
292.75
292.75
292.25
292.25
291.85
291.85
291.95
292.25
292.65
292.75
292.35
292.55
293.05
293.45
293.75
294.05
294.35
294.45
295.55
296.25
296.05
296.25
295.95
295.75
295.15
294.75
294.85
293.85
293.15
293.45
293.35
293.15
292.75
291.95
291.35
291.55
290.75
290.35
290.35
290.45
290.45
290.65
291.55
290.95
291.35
291.25
291.35
290.65
290.95
290.75
290.45
290.15
290.05
289.95
289.75
289.55
289.45
289.45
288.95
289.55
288.85
288.55
288.35
288.95
289.15
290.05
291.15
291.85
292.55
293.55
292.15
293.35
292.25
292.25
291.35
290.65
290.45
290.45
290.35
290.45
290.45
290.15
290.25
290.15
290.75
290.75
290.15
289.95
291.35
291.85
293.45
294.05
294.25
295.85
294.85
294.55
294.25
293.95
293.35
292.95
292.85
292.95
292.95
292.95
292.95
293.05
293.35
293.45
293.35
293.35
293.55
293.55
294.05
294.25
294.45
294.65
294.25
294.25
294.55
294.95
295.15
295.15
295.25
295.25
295.35
295.35
295.45
295.35
295.45
295.45
295.45
295.15
295.05
295.05
295.25
295.15
293.65
293.15
292.45
292.35
292.45
291.95
291.55
291.05
290.35
290.05
289.55
289.55
289.45
289.35
289.05
289.05
288.95
288.75
288.75
288.55
288.15
287.75
287.35
287.25
287.45
288.15
288.45
288.75
289.55
290.15
290.05
290.85
289.25
289.05
288.65
287.95
287.85
287.85
287.95
287.95
287.35
286.85
286.85
286.75
286.55
286.35
286.45
286.55
287.65
290.35
291.45
292.35
292.95
293.05
293.05
293.05
293.05
292.45
291.95
291.25
291.15
291.25
291.25
291.05
290.85
290.95
291.35
290.85
291.05
291.35
291.15
291.65
292.15
292.55
292.65
292.95
293.95
294.75
294.45
293.75
294.35
294.25
293.55
293.05
292.95
292.95
292.85
292.85
292.85
292.85
292.95
292.95
293.05
293.35
293.35
293.55
293.85
294.45
295.15
296.05
296.55
296.15
296.35
296.65
296.55
296.15
295.55
294.65
294.45
294.35
294.35
294.35
294.35
294.45
294.35
294.35
294.45
294.55
294.55
294.65
294.85
295.25
296.15
296.95
296.85
297.35
297.55
297.25
296.65
296.35
295.85
295.35
295.15
295.05
294.95
294.85
294.75
294.65
294.55
294.45
294.55
294.55
294.55
294.55
294.75
295.25
296.05
296.75
296.75
297.05
296.65
297.25
296.95
296.35
296.15
295.55
295.45
295.25
295.15
295.05
294.85
294.85
294.75
294.65
294.55
294.55
294.55
294.45
295.15
295.85
296.75
296.85
297.05
295.45
295.25
294.15
293.25
292.45
291.55
291.45
291.05
289.35
289.85
289.75
289.65
289.45
289.45
289.15
288.75
288.75
288.65
288.55
288.35
288.35
288.55
288.85
289.35
289.05
288.75
289.05
289.45
288.95
288.65
288.25
288.05
288.05
288.15
288.15
288.55
288.05
287.65
287.65
287.75
287.65
288.05
287.65
288.85
290.75
291.65
292.05
292.95
292.85
293.15
293.65
293.05
292.35
292.25
291.25
289.95
290.15
289.95
289.65
288.95
289.15
289.05
289.05
289.05
288.75
288.75
289.45
290.35
293.15
293.95
294.65
294.85
296.15
295.95
295.15
294.55
295.05
293.95
293.35
292.45
292.45
292.65
292.75
292.65
292.55
292.45
292.45
292.35
292.35
292.15
292.05
292.35
293.25
293.95
295.85
296.45
296.55
296.75
296.35
296.15
295.75
294.95
294.85
294.35
294.25
294.35
294.35
294.35
294.35
294.35
294.05
294.15
294.25
294.15
294.15
294.45
295.65
295.75
296.75
296.95
296.95
297.45
297.35
297.35
296.75
295.95
295.65
295.55
295.55
295.55
295.35
295.25
295.15
295.25
295.15
295.15
295.15
295.15
295.15
295.55
296.45
297.15
297.45
297.55
298.15
296.75
296.75
295.75
295.65
295.85
295.55
295.15
295.35
295.35
295.45
295.45
295.45
295.35
295.15
295.25
295.25
294.95
295.25
295.75
296.05
296.05
296.45
296.55
296.65
294.65
296.35
295.75
295.25
294.55
294.45
294.45
294.45
294.45
294.65
294.65
294.65
294.55
294.65
294.75
294.85
295.35
295.35
295.65
296.35
297.05
297.95
298.25
298.15
298.15
298.85
298.55
298.05
297.35
296.45
296.15
296.05
295.95
296.05
295.85
295.85
295.75
295.85
295.95
295.85
295.75
295.85
296.15
296.75
297.15
298.15
298.35
298.65
298.85
299.05
298.25
297.55
297.15
297.05
297.15
296.65
296.75
296.75
296.95
296.75
296.65
296.95
297.25
296.25
296.05
295.05
295.15
295.55
295.95
296.65
297.85
297.75
297.95
297.85
297.55
296.55
295.15
293.85
293.25
293.45
292.95
292.65
292.45
292.15
291.85
291.65
291.85
291.45
291.65
292.25
293.25
294.05
294.85
295.75
296.15
296.35
297.25
296.75
296.65
296.05
295.95
295.45
295.15
295.25
295.55
294.65
294.65
294.85
295.05
295.25
295.45
295.65
295.85
295.65
295.85
295.15
295.45
296.55
297.95
298.45
298.65
298.55
298.35
297.75
296.85
295.65
295.25
294.95
294.85
294.55
294.45
294.35
294.35
294.15
294.25
294.05
293.95
294.15
294.75
295.35
296.15
296.05
295.95
296.45
297.25
297.05
296.85
296.55
296.15
295.55
295.25
295.45
295.25
295.15
294.75
294.85
294.85
294.75
294.85
294.85
294.75
294.75
295.55
296.15
296.55
296.85
297.25
297.05
297.35
297.35
297.05
297.35
296.75
295.85
295.25
295.25
295.05
295.05
294.65
294.15
294.05
294.05
293.75
293.65
293.15
292.55
292.25
292.55
292.75
293.35
293.85
294.75
294.05
295.05
293.35
293.25
292.65
291.85
291.35
291.25
290.75
290.15
289.85
289.75
289.65
289.75
289.85
289.95
289.75
289.65
290.65
292.65
293.25
293.85
294.75
294.75
295.35
295.25
294.75
294.25
293.55
292.55
292.35
291.75
291.75
291.35
291.25
291.05
291.15
291.35
291.25
291.15
290.95
291.25
292.95
294.95
295.65
296.45
296.65
296.35
296.25
296.55
295.15
294.05
293.55
292.85
292.45
292.35
292.25
292.05
291.95
291.95
292.35
291.95
291.55
291.55
291.25
291.75
292.15
293.05
293.75
293.85
294.55
294.95
294.85
295.75
296.25
295.65
294.95
294.65
294.55
294.55
294.45
294.55
294.55
294.45
294.35
294.45
294.45
294.85
294.85
294.75
295.25
296.25
296.75
296.95
296.95
298.05
297.65
297.35
297.85
297.15
296.95
296.45
296.15
296.05
295.95
295.75
295.65
295.65
295.55
295.25
295.05
295.05
295.05
294.65
295.25
295.95
296.75
297.75
298.05
297.95
298.55
298.85
297.65
297.95
297.75
297.35
296.65
295.95
295.65
295.45
295.45
294.95
294.55
294.35
294.65
294.35
294.45
294.15
295.45
296.85
298.25
298.25
298.15
299.05
298.65
298.65
298.55
297.55
296.55
295.35
294.65
294.65
294.65
294.35
294.85
294.05
293.35
293.25
293.15
292.75
292.65
292.75
295.45
296.45
297.55
297.95
298.95
298.85
298.95
298.55
298.15
297.75
297.15
296.45
296.05
295.95
295.85
295.85
295.95
295.85
295.95
295.75
295.75
295.65
295.85
296.05
296.85
296.95
298.05
298.55
298.95
298.65
298.75
298.95
298.75
299.05
297.95
297.35
297.05
296.95
296.75
296.65
296.55
296.55
296.35
296.35
296.25
296.05
295.95
296.15
296.95
297.55
298.25
299.05
299.15
299.75
299.35
299.45
299.45
298.15
298.55
297.25
297.15
297.25
297.25
295.55
295.25
295.15
294.95
294.85
294.85
294.65
294.55
294.65
294.95
295.05
295.45
295.55
295.55
295.25
295.15
295.05
294.85
294.65
294.45
294.15
294.05
293.85
293.75
293.35
293.35
293.45
293.15
293.25
293.05
292.85
292.35
292.85
295.15
296.85
297.25
297.95
298.65
299.45
298.65
298.35
298.45
297.35
297.05
296.25
295.85
295.65
295.35
295.25
295.05
295.15
294.85
294.55
294.25
294.05
294.25
294.55
295.75
296.85
297.45
298.25
298.55
298.75
298.85
298.35
298.05
297.55
297.15
296.45
296.15
296.05
296.15
296.05
296.05
296.05
295.85
295.85
295.85
295.85
296.15
296.25
296.85
297.75
298.55
299.05
299.05
299.65
299.35
300.05
299.55
298.85
298.15
297.45
297.25
297.05
296.85
296.75
296.65
296.55
296.45
296.35
296.25
296.05
296.05
295.65
297.05
297.65
298.05
298.95
299.35
299.45
299.55
300.25
299.95
299.35
298.75
297.85
297.65
297.55
297.35
297.15
296.65
296.55
296.55
296.25
296.25
295.95
295.85
296.45
297.15
298.15
298.55
298.95
299.75
299.45
300.55
300.05
299.15
299.55
298.35
297.75
297.45
297.35
297.25
297.25
297.25
297.15
296.55
296.45
296.35
296.15
296.45
296.75
297.65
298.25
299.05
299.85
300.15
299.85
300.25
299.95
299.55
299.55
298.95
298.75
298.25
298.55
297.85
296.95
296.35
296.05
295.95
295.65
295.65
295.65
295.45
295.65
296.35
296.65
297.05
297.15
297.55
299.75
300.75
299.45
298.65
297.85
297.75
296.95
296.45
296.35
296.55
296.55
296.35
296.55
296.65
296.75
296.85
296.85
296.85
297.15
297.85
298.45
299.25
300.15
300.45
299.95
299.85
300.25
299.85
299.05
297.65
296.35
295.85
296.15
295.65
295.65
295.95
295.65
295.65
295.15
295.05
294.65
294.85
294.95
295.55
295.75
296.15
296.55
297.05
297.75
297.35
297.35
296.15
295.75
295.85
295.95
295.25
295.45
295.55
295.35
295.35
295.15
295.25
295.75
296.55
296.95
297.15
297.25
297.15
297.35
297.55
297.55
297.65
297.55
297.35
298.25
298.15
298.15
298.15
297.75
297.65
297.15
296.85
296.95
296.85
296.75
296.75
296.55
296.55
296.75
296.75
297.05
297.55
297.95
298.05
297.75
297.15
296.95
296.75
296.65
296.55
296.75
296.65
296.65
296.25
296.35
296.65
296.95
296.55
296.95
296.95
296.75
296.85
296.85
296.95
297.05
297.75
298.95
298.65
298.75
299.85
300.05
300.05
298.85
300.15
298.85
298.55
297.95
297.55
297.75
297.55
297.45
297.45
297.45
297.35
297.35
297.35
297.35
297.35
297.15
297.45
297.55
298.05
298.75
299.15
299.15
299.15
299.75
299.05
298.55
298.15
298.15
296.65
297.15
297.15
297.25
297.15
296.95
297.05
296.75
296.45
296.35
296.15
296.05
296.25
296.95
297.85
297.85
298.65
298.35
298.55
298.45
297.65
297.05
296.45
295.75
295.65
295.25
295.05
294.85
294.85
294.55
294.45
294.45
294.05
293.85
293.65
293.65
294.85
295.25
296.45
297.25
297.85
297.95
297.75
297.65
296.75
296.35
295.95
295.15
294.35
294.05
293.75
293.75
293.55
293.55
293.75
293.65
293.35
292.95
293.05
293.35
295.15
296.05
296.65
297.55
298.65
298.65
299.05
298.75
298.45
297.55
297.35
296.85
296.75
296.75
296.75
296.65
296.45
296.35
296.25
296.25
296.15
296.15
296.35
296.65
296.55
296.95
297.55
298.35
298.25
297.85
297.55
297.05
296.95
296.25
295.85
295.45
295.25
295.55
295.45
295.75
295.95
296.15
296.15
296.05
296.15
296.05
296.25
296.45
297.25
298.45
298.35
298.85
298.95
298.75
299.55
299.05
298.65
298.35
297.75
297.45
297.35
297.25
297.35
297.15
297.15
297.15
296.75
296.35
296.65
296.55
296.65
296.65
297.25
297.65
298.85
299.15
300.05
299.95
299.15
299.45
298.65
298.45
297.95
297.55
297.15
296.55
294.95
294.35
294.55
295.05
295.05
294.65
296.25
296.35
296.45
296.45
296.45
297.15
297.95
298.25
298.05
299.35
299.65
299.15
299.15
298.65
298.45
298.45
298.25
298.05
298.05
298.15
298.05
298.05
298.05
298.05
297.75
297.75
296.85
296.75
294.35
295.15
294.75
294.95
295.35
295.55
295.85
295.95
296.05
295.05
295.05
295.05
294.75
294.45
294.65
294.25
294.45
293.95
293.95
293.75
293.35
293.35
293.45
293.45
293.45
294.35
294.85
295.45
295.95
295.85
295.05
294.35
294.65
294.25
293.85
293.55
293.45
293.55
293.75
294.05
294.05
294.25
294.05
294.55
295.15
295.35
295.95
296.15
296.35
297.15
297.75
298.15
296.95
297.35
297.85
297.75
297.25
297.15
297.35
297.35
295.25
296.05
295.85
295.75
295.75
295.55
295.45
295.55
295.75
295.75
295.85
296.15
296.35
297.05
297.35
299.25
297.95
298.25
298.55
299.75
299.25
299.25
298.25
297.05
296.45
296.15
295.95
295.85
295.95
295.95
295.95
295.85
296.15
296.25
296.15
296.55
297.45
298.15
299.85
299.45
299.05
298.75
299.25
298.75
298.75
298.65
298.55
298.15
298.05
297.95
297.95
297.85
297.75
297.65
297.85
297.65
297.75
298.05
298.15
297.45
297.75
298.65
298.95
299.65
300.15
299.95
298.55
298.85
297.15
296.85
296.45
297.45
297.35
296.95
296.65
296.55
296.15
296.05
295.95
295.85
296.45
296.55
296.55
297.35
298.35
298.25
299.15
299.95
300.35
300.45
300.95
300.55
300.85
300.35
300.25
299.75
299.45
299.45
299.45
299.35
299.35
299.25
299.25
299.15
299.15
299.05
299.05
298.95
299.35
299.85
300.85
301.15
301.45
302.05
301.45
301.35
301.55
301.35
301.15
300.35
300.35
299.95
299.95
299.75
299.65
299.55
299.45
299.35
299.35
299.25
299.45
299.45
299.25
299.35
299.15
299.35
300.65
301.15
301.15
301.25
301.05
300.95
300.35
299.75
299.55
299.15
298.85
299.05
299.35
299.35
299.35
299.15
299.05
298.95
299.05
299.15
299.65
300.05
301.15
301.55
301.95
302.15
302.95
301.85
302.25
301.45
301.05
300.25
299.85
299.85
299.75
299.65
299.55
299.45
299.45
299.35
299.25
298.95
298.85
299.05
299.75
300.15
300.95
300.55
301.05
301.35
301.75
302.05
301.25
300.85
299.95
300.25
300.45
300.15
299.05
297.95
297.95
297.85
297.75
297.75
297.85
297.85
297.75
297.85
299.25
299.85
300.15
300.55
301.35
300.95
300.95
300.35
300.15
300.45
299.55
298.95
298.55
298.45
298.35
298.55
298.35
298.05
298.15
298.35
298.05
298.15
298.05
298.45
300.25
300.85
301.25
301.25
301.85
301.55
301.95
302.25
302.55
301.95
301.25
301.15
300.55
300.45
300.25
300.25
300.05
299.95
299.95
300.25
300.05
299.45
299.95
300.25
300.55
301.05
301.45
301.85
302.35
302.55
301.95
301.95
302.05
302.75
301.35
301.15
300.85
300.25
299.95
299.85
299.65
299.85
299.65
299.35
299.15
298.95
298.95
299.35
300.35
301.15
302.05
302.05
302.45
302.15
303.45
302.15
301.35
301.45
301.15
301.15
300.85
300.85
300.85
301.05
300.85
300.65
300.25
300.25
300.35
300.35
300.35
300.75
301.05
301.45
302.05
302.95
301.55
302.45
302.35
303.65
302.35
301.95
301.05
300.95
299.05
298.65
298.65
298.05
297.75
297.45
297.35
296.95
296.95
296.85
296.95
297.05
298.45
298.75
298.65
298.85
299.65
300.15
301.15
300.15
299.55
299.15
298.35
297.65
296.85
297.25
298.15
298.35
298.55
298.35
298.65
297.75
297.55
297.75
298.65
298.75
299.05
299.05
299.55
301.05
301.55
302.75
301.75
301.55
301.45
300.95
300.95
300.85
297.55
297.05
297.35
298.15
298.65
298.65
298.65
298.85
299.05
299.05
299.25
299.75
300.15
300.65
301.65
301.85
302.15
302.25
302.45
299.05
298.25
298.15
298.25
297.95
298.15
298.55
298.65
298.75
298.75
298.95
298.95
298.95
298.45
298.65
298.75
299.35
299.85
300.65
300.35
301.65
302.15
301.95
302.55
302.85
302.15
302.35
301.05
300.75
299.65
299.65
299.65
299.85
299.95
299.85
299.85
299.95
299.55
299.55
299.45
299.85
300.85
301.75
301.65
301.85
302.55
302.65
302.75
303.05
302.25
302.05
300.55
301.05
301.35
301.15
301.05
300.75
300.65
300.65
300.55
300.55
300.45
300.35
300.35
300.65
301.45
301.65
302.95
303.15
303.65
304.05
303.95
303.95
302.85
302.55
302.05
301.55
301.35
301.15
301.15
301.05
301.05
301.05
300.85
300.85
300.55
300.55
300.75
300.95
301.55
301.95
302.15
302.75
302.85
303.15
304.35
303.15
303.55
302.35
302.35
302.05
300.95
300.75
300.75
301.15
300.95
300.45
300.45
300.25
300.45
300.45
300.75
300.65
301.85
303.05
303.75
303.75
303.45
302.75
304.05
303.55
304.15
303.75
302.65
301.55
301.15
301.05
300.45
300.35
300.35
300.05
299.95
299.75
299.75
299.45
299.15
299.55
300.65
300.95
301.55
303.25
304.45
304.35
303.85
303.25
303.75
302.85
302.45
301.55
301.25
301.05
301.05
300.95
300.85
300.55
300.45
300.25
300.25
300.35
300.45
300.85
301.65
302.85
302.95
303.25
303.95
302.15
302.85
302.45
302.45
302.05
301.15
300.75
300.25
300.35
300.35
300.35
300.25
300.15
299.95
299.95
299.75
299.75
299.65
299.95
300.65
301.25
301.45
301.85
301.85
302.05
301.85
301.55
300.85
300.55
300.85
300.35
300.05
300.15
299.95
299.85
299.65
299.65
299.65
299.65
299.75
299.85
299.95
300.25
301.45
301.55
302.65
302.55
303.65
303.25
304.05
303.15
303.35
302.45
302.75
302.25
301.75
301.55
301.45
301.45
301.35
301.25
301.25
301.25
301.15
301.35
301.05
301.15
301.65
302.65
303.45
303.25
303.85
304.55
304.25
303.85
304.15
303.85
302.95
302.55
302.25
302.15
302.05
301.95
301.75
301.65
301.65
301.55
301.55
301.55
301.45
301.65
302.05
302.75
302.95
303.55
303.95
303.25
302.55
302.15
300.95
301.95
301.55
301.15
300.95
300.45
300.25
300.15
299.95
299.85
299.65
299.45
299.35
299.15
298.55
298.95
299.95
301.05
301.85
302.55
302.55
303.55
303.25
303.25
302.85
302.75
301.65
301.35
300.75
300.25
299.75
299.75
300.05
300.15
300.45
299.75
299.55
299.95
299.95
299.85
301.05
301.55
302.25
302.45
303.05
303.55
303.25
303.25
303.15
302.65
302.25
302.05
301.55
301.65
301.55
301.85
301.45
299.15
298.25
297.95
297.85
297.85
298.05
298.15
298.45
299.55
300.85
301.55
300.95
302.35
301.95
302.65
302.15
301.45
300.85
300.15
299.85
299.65
299.65
299.55
299.45
299.35
299.55
299.65
299.15
299.25
299.15
299.45
299.95
300.35
301.45
301.75
301.55
301.75
302.75
302.25
302.35
302.05
301.95
301.85
301.75
301.55
301.45
301.35
301.35
301.25
301.25
301.25
301.15
300.85
300.95
300.65
301.95
302.15
302.85
302.65
303.65
301.05
303.25
303.35
303.45
303.25
302.85
302.25
302.05
301.85
301.55
301.45
301.25
301.15
301.25
301.25
301.15
301.25
301.15
301.25
301.65
302.15
301.35
301.95
302.55
302.05
301.35
300.95
301.35
301.75
301.55
300.15
300.35
300.75
300.95
301.05
301.05
300.95
300.75
300.15
299.95
300.05
299.35
298.55
299.45
301.55
302.55
303.25
303.35
303.35
303.95
304.15
303.35
303.25
302.85
302.05
301.75
301.55
301.55
301.55
300.25
300.85
300.55
300.35
299.95
299.95
299.95
300.75
301.85
301.85
302.15
302.65
302.35
302.75
303.05
303.85
303.15
302.45
301.85
301.55
300.85
300.35
300.65
300.35
300.35
300.35
299.75
299.85
299.25
299.35
299.35
299.55
299.85
301.05
300.85
301.75
301.65
301.65
301.75
301.35
301.65
301.55
300.85
300.45
300.35
300.15
300.15
300.25
300.05
300.05
300.05
298.65
298.55
298.25
298.55
298.65
298.05
296.65
295.95
296.05
296.65
298.15
299.15
297.45
297.25
298.05
298.45
299.15
298.95
299.65
300.25
300.65
300.75
300.75
300.75
300.75
300.75
300.95
300.95
301.15
301.45
301.55
300.85
301.25
301.05
301.95
302.55
302.25
300.65
301.45
301.75
301.65
301.65
301.65
301.65
301.65
301.55
301.55
301.55
301.55
301.55
301.55
301.55
301.75
301.85
301.95
302.05
302.05
301.95
302.15
302.25
302.15
301.65
301.75
301.55
301.75
301.55
301.65
301.55
301.55
301.55
301.55
301.55
301.35
301.35
301.25
301.45
301.55
302.05
302.85
303.15
303.55
303.75
304.35
304.05
304.25
303.65
303.75
303.15
302.65
302.25
302.05
301.95
301.85
301.75
301.75
301.75
301.65
301.55
301.65
301.65
301.85
302.25
302.45
303.65
303.85
303.85
303.45
303.65
304.05
304.25
303.85
303.05
302.65
302.35
302.05
301.95
301.95
301.95
301.85
301.95
301.85
301.85
301.85
301.85
301.85
302.25
302.95
303.35
303.75
303.65
303.65
304.15
304.05
303.65
303.85
302.85
302.55
302.45
302.35
302.25
302.05
301.95
301.85
301.85
301.65
301.85
301.75
301.75
301.65
302.15
302.45
303.55
303.65
304.25
304.15
304.25
304.55
304.05
303.85
303.45
302.65
302.25
301.95
301.85
301.95
302.05
301.75
301.65
301.55
301.55
301.55
301.55
301.85
302.25
302.55
303.65
304.05
304.25
304.55
304.55
304.75
304.45
304.05
303.55
303.25
302.85
302.75
302.45
302.35
302.15
302.05
302.05
301.95
302.05
301.95
301.95
301.55
302.55
303.35
303.95
304.25
304.45
304.45
304.85
305.25
304.35
304.45
303.05
303.05
302.75
302.65
302.65
302.55
302.35
302.15
301.85
302.05
302.15
302.15
302.05
302.25
302.65
303.65
304.05
304.15
304.55
304.95
304.95
305.35
303.95
303.35
303.45
302.85
302.55
302.65
302.45
302.45
302.35
302.25
301.95
302.05
302.05
301.95
302.05
302.35
302.85
303.45
303.65
303.75
304.75
304.95
304.75
305.05
304.85
304.65
304.05
303.15
302.65
302.55
302.65
302.45
302.45
302.15
301.85
301.95
301.95
301.95
301.85
302.45
302.65
302.95
303.65
304.05
304.55
304.75
303.65
300.65
301.25
303.15
302.55
301.85
300.15
300.05
300.45
300.55
300.75
299.85
300.65
301.55
301.85
301.85
301.75
302.05
302.65
303.15
303.65
304.15
303.85
304.05
303.65
303.65
304.05
303.75
303.35
303.35
302.75
302.35
302.55
302.45
302.35
302.25
302.15
302.15
302.15
302.05
301.95
302.35
302.85
303.45
303.85
304.25
304.95
305.25
304.75
304.65
304.65
304.15
303.65
303.05
302.75
302.65
302.65
302.45
302.35
302.35
302.25
302.15
301.95
301.95
301.95
302.25
303.05
303.25
304.25
304.45
304.65
305.15
304.75
304.55
305.35
304.25
304.15
303.05
302.95
302.95
302.95
302.65
302.85
302.55
302.45
302.45
302.35
302.35
302.25
302.45
302.95
303.65
304.15
304.85
304.65
305.15
304.95
305.65
305.35
304.95
304.35
304.05
303.55
303.25
303.15
303.05
302.95
302.85
302.65
302.65
302.65
302.55
302.45
302.35
302.85
303.95
304.25
304.55
305.25
305.35
305.25
305.65
305.15
304.25
304.55
303.65
303.25
303.15
303.05
302.95
302.85
302.75
302.55
302.65
302.45
302.45
302.45
302.75
303.35
304.05
304.45
304.15
304.95
304.85
304.65
303.95
304.25
304.25
303.95
303.95
303.45
303.15
302.85
302.95
302.65
302.65
302.55
302.55
302.35
302.35
302.35
302.75
303.55
304.05
304.55
304.95
305.75
305.25
304.85
304.95
305.45
305.55
304.55
303.85
303.65
303.25
303.35
303.15
303.05
302.85
302.75
302.65
302.65
302.65
302.65
302.75
303.45
303.95
304.55
304.95
305.55
305.25
305.45
305.35
305.15
305.05
304.45
304.05
303.75
303.55
303.45
303.35
303.15
303.05
302.95
302.75
302.65
302.55
302.35
302.65
303.45
303.95
304.35
304.85
305.25
305.25
304.95
305.45
305.45
304.95
304.75
304.05
303.65
303.65
303.45
303.25
303.35
303.05
302.95
302.85
302.75
302.75
302.25
302.95
303.55
304.75
305.15
305.55
306.25
306.55
306.35
306.55
306.15
305.75
305.55
304.65
304.35
304.05
303.95
303.85
303.65
303.55
303.35
303.25
303.15
303.15
303.05
303.35
304.05
305.05
305.25
305.95
305.55
305.65
305.95
306.45
305.95
305.75
305.15
304.65
304.15
303.95
303.85
303.55
303.55
303.35
303.25
303.15
303.15
303.15
303.15
303.55
304.35
304.85
305.85
305.85
306.45
306.65
306.75
306.25
306.55
305.85
305.05
304.55
303.85
303.85
303.55
303.05
302.65
302.25
302.15
302.05
302.25
302.15
302.05
302.85
303.95
303.25
305.15
306.55
304.65
306.55
307.05
305.75
306.15
304.05
304.05
303.85
303.35
303.55
303.75
302.05
301.45
300.45
300.45
300.35
299.95
299.55
300.25
299.75
299.85
299.85
300.05
300.15
300.15
301.25
300.55
302.85
302.75
301.55
302.45
302.45
302.55
302.65
303.05
303.15
301.15
302.25
302.35
302.45
302.55
302.45
302.45
302.55
302.95
303.55
304.45
304.85
304.95
304.95
305.25
305.35
304.95
304.15
303.85
303.45
303.15
302.95
302.95
302.85
302.75
302.65
302.65
302.55
302.55
302.65
302.65
302.75
302.95
303.35
304.15
304.45
304.65
305.25
305.15
305.05
304.95
304.35
303.95
303.55
303.25
302.95
302.95
302.85
302.85
302.75
302.65
302.65
302.55
302.65
302.65
302.75
302.95
303.85
304.45
305.15
305.45
305.35
305.65
305.65
305.65
305.35
303.85
303.55
303.35
303.25
303.15
303.15
302.85
302.85
302.85
302.75
302.65
302.55
302.65
302.85
303.45
303.95
304.65
304.85
304.95
305.55
305.45
305.45
305.15
304.95
304.15
303.75
303.35
303.15
303.05
302.95
302.95
302.95
302.85
302.65
302.65
302.45
302.35
302.65
303.05
304.15
304.25
304.95
305.15
305.25
305.35
305.55
305.25
305.15
304.75
303.75
303.25
303.05
303.05
302.85
302.95
302.65
302.65
302.65
302.45
302.45
302.35
302.55
303.45
304.05
304.55
304.95
305.25
305.35
305.65
305.55
305.15
304.75
304.35
303.45
303.15
302.75
302.45
302.55
302.25
302.25
301.95
301.95
301.75
301.75
301.65
301.85
302.85
303.55
303.75
304.35
303.95
304.35
304.85
305.15
304.85
304.45
303.85
303.15
302.85
302.65
302.45
302.25
302.15
301.95
302.05
301.85
301.95
301.95
301.75
302.15
303.05
303.65
304.75
304.95
304.45
304.65
305.35
305.65
305.15
305.05
304.25
302.25
302.35
302.65
302.55
302.45
302.45
302.15
302.05
302.05
301.95
301.25
301.75
302.15
303.05
303.75
304.35
304.75
305.15
304.95
305.45
305.05
304.95
304.75
304.05
303.45
303.05
302.85
302.85
302.65
302.55
302.35
302.15
302.15
301.95
301.95
301.85
302.35
303.25
303.95
304.55
305.25
305.85
304.85
305.45
305.45
302.85
301.95
303.45
303.15
302.75
302.55
302.45
302.35
302.25
302.15
301.85
301.65
301.65
301.55
301.35
301.95
302.05
301.25
304.05
304.45
304.75
305.15
305.85
305.45
305.05
304.95
303.65
300.55
301.05
300.95
301.15
301.35
301.55
300.95
301.55
301.95
301.45
301.85
301.55
301.35
302.75
303.45
304.15
305.35
305.85
305.25
305.65
305.05
304.85
305.15
304.25
303.75
303.25
303.15
303.05
302.75
302.85
302.25
302.15
302.35
302.05
301.45
301.45
302.15
301.45
302.95
304.45
305.25
305.25
305.95
305.75
305.85
305.45
304.85
304.65
303.75
302.65
302.85
302.25
302.75
302.05
302.05
300.55
301.85
302.05
302.15
302.15
302.65
302.85
303.55
303.85
303.75
304.05
304.45
303.65
302.35
302.75
302.95
302.85
302.75
302.35
302.75
302.55
302.35
302.15
301.65
299.45
301.45
301.75
301.35
301.15
300.95
301.75
302.45
301.65
302.75
302.55
303.45
303.35
301.15
302.45
302.65
302.55
302.45
302.25
302.25
302.25
302.35
302.25
302.15
302.05
302.05
302.05
301.95
302.05
302.25
302.65
303.25
303.65
303.95
304.45
304.45
304.75
304.35
303.95
303.95
303.55
302.95
302.55
302.35
302.45
302.25
302.25
302.25
301.95
302.05
301.95
301.85
301.75
302.15
302.65
302.75
303.45
303.95
304.25
303.85
304.15
304.55
304.25
303.75
303.35
302.85
302.55
302.45
302.35
302.25
302.15
301.95
301.85
301.75
301.55
301.65
301.55
301.85
303.05
303.45
304.25
304.05
304.65
304.05
304.95
304.25
305.15
304.65
304.05
303.65
303.15
303.15
303.05
302.55
302.35
302.25
301.95
301.55
301.15
301.05
301.55
301.25
302.25
304.25
305.15
305.65
305.95
306.15
305.95
303.15
303.55
303.65
303.05
302.85
302.15
301.85
301.85
301.85
301.75
301.65
301.45
300.65
300.65
300.85
300.85
301.15
300.65
302.45
303.55
304.95
305.65
305.25
305.45
305.55
305.45
302.35
302.75
302.15
302.35
302.25
302.75
301.85
301.65
301.45
301.25
301.05
300.85
300.45
300.45
300.75
302.65
303.85
304.65
305.45
305.75
306.25
306.35
306.05
306.05
305.45
304.45
303.95
303.05
302.85
302.75
302.55
302.65
302.55
302.55
302.45
302.25
302.15
302.05
301.75
303.45
303.35
303.45
305.15
305.95
305.15
304.85
305.05
304.35
304.05
303.45
302.85
301.65
302.05
302.35
301.95
301.75
301.75
301.55
301.65
301.35
301.45
301.55
300.85
301.55
302.45
302.55
303.35
304.25
303.35
302.75
302.35
302.55
302.55
302.65
302.35
302.05
302.15
302.35
302.25
302.55
302.35
302.45
301.95
302.45
302.55
302.35
302.65
302.55
302.65
302.75
303.35
303.15
303.75
303.75
303.75
303.85
303.45
303.15
302.85
302.75
302.65
302.55
302.55
302.55
302.45
302.35
302.35
302.45
302.35
302.35
302.25
302.95
303.35
303.95
304.15
304.35
304.15
304.15
304.25
303.75
303.25
303.05
302.95
302.65
302.65
302.45
302.35
302.35
302.35
302.25
302.15
302.25
302.05
302.15
302.15
302.55
302.95
303.15
303.45
304.35
304.45
303.85
304.35
303.85
304.05
303.45
302.65
302.35
302.25
302.15
302.15
302.15
301.65
301.75
301.65
301.65
301.75
301.85
301.95
302.75
303.45
303.75
302.95
304.45
304.65
304.05
303.85
301.05
300.95
301.55
301.75
302.05
302.25
302.15
302.05
301.95
301.85
301.75
301.65
300.85
300.75
300.15
300.45
302.45
303.45
302.15
304.05
305.55
304.85
304.75
304.95
305.75
304.45
304.35
303.05
302.35
301.95
302.05
301.75
301.65
301.75
301.35
301.25
301.35
301.15
301.25
301.45
302.75
303.65
304.55
304.35
304.45
304.75
304.75
305.05
304.05
304.25
303.95
303.35
302.65
302.35
302.35
302.35
301.85
301.85
301.55
301.55
301.55
301.55
301.45
301.75
302.45
303.35
303.35
303.55
304.95
305.35
305.75
304.75
305.05
304.55
303.65
303.25
302.85
302.55
302.35
302.15
302.15
302.05
301.95
301.75
301.65
301.65
301.75
302.25
302.75
303.65
304.45
305.25
305.05
305.35
305.65
305.85
305.55
305.25
304.75
303.75
303.05
302.85
302.85
302.85
302.45
302.55
302.25
302.05
301.65
301.65
301.95
301.85
303.15
303.85
304.15
304.95
305.55
305.05
304.15
302.35
301.85
303.25
303.15
303.05
302.85
302.85
302.85
302.75
302.55
302.35
302.35
302.35
302.25
302.25
302.05
302.15
302.85
303.15
303.95
303.95
304.25
305.45
304.55
304.45
303.95
303.95
303.95
303.65
303.45
303.45
303.35
303.15
302.85
302.75
302.65
302.55
302.45
302.35
302.25
301.95
303.05
304.25
303.85
301.45
302.85
304.15
304.35
304.25
304.55
304.15
303.25
302.95
302.85
302.65
302.05
301.75
301.45
301.35
301.55
301.45
301.25
301.45
300.35
300.15
301.05
302.65
303.75
304.35
304.95
306.05
305.65
304.55
305.25
304.25
303.55
303.15
302.55
302.05
302.05
301.95
301.75
301.75
301.65
301.85
301.55
301.85
301.75
301.95
302.45
303.15
302.85
304.05
304.45
304.35
304.65
303.95
303.35
303.45
303.15
302.85
301.95
302.25
302.25
302.15
302.15
302.05
302.05
302.15
302.15
302.05
301.85
301.95
302.25
302.55
302.75
304.15
304.25
304.45
304.85
304.65
304.65
303.75
303.35
302.75
302.55
302.35
302.05
302.05
301.85
301.95
301.75
301.85
301.85
301.85
301.75
301.85
302.65
302.65
303.65
304.35
305.15
303.85
305.15
305.05
305.45
304.55
303.85
303.55
303.05
302.85
302.75
302.75
302.35
302.15
302.15
301.95
302.05
302.05
301.55
301.65
301.95
302.55
302.75
303.05
300.75
300.95
301.15
300.95
301.15
301.05
299.55
299.65
299.85
301.45
301.65
301.75
301.65
301.75
301.75
301.75
301.75
301.75
301.65
300.05
299.45
300.15
299.95
301.55
302.55
302.35
302.35
301.95
302.15
301.75
301.75
301.55
301.75
301.65
301.85
301.95
301.95
301.95
301.85
301.85
301.65
301.05
301.45
301.75
302.45
302.95
303.15
304.25
304.35
304.35
304.35
304.65
304.25
303.65
303.35
302.45
302.25
302.35
302.25
302.15
302.05
301.95
301.95
301.95
301.95
301.85
301.15
301.15
302.05
302.35
301.55
303.95
304.25
304.45
302.85
303.65
303.55
303.45
303.05
302.35
302.25
302.05
301.85
301.85
301.85
301.75
301.65
301.65
301.55
301.25
301.35
301.45
302.25
303.05
303.75
304.15
303.25
304.05
304.05
302.55
303.45
303.55
303.05
302.35
302.25
302.25
301.85
301.35
301.05
299.85
301.05
301.25
301.15
301.15
301.15
301.25
302.35
303.05
303.15
303.25
303.85
303.65
304.75
304.55
303.95
303.65
303.65
302.85
302.55
302.35
302.35
302.05
301.95
301.75
301.35
301.05
300.55
300.35
300.25
300.65
302.25
303.05
303.75
304.45
305.05
305.85
305.45
304.75
303.95
304.85
303.95
302.85
302.45
302.45
302.25
301.85
302.05
301.65
301.85
301.25
301.25
301.15
300.95
300.95
302.65
302.65
303.65
304.45
304.55
304.35
304.85
304.85
304.85
304.15
303.55
303.25
302.95
302.75
302.65
302.65
302.75
302.25
301.75
301.95
301.35
300.85
301.55
301.65
301.65
303.25
303.75
303.65
304.05
304.05
304.25
304.55
304.35
303.95
303.85
303.35
302.95
302.95
302.85
302.75
302.55
302.55
302.65
302.65
301.15
301.45
301.55
301.55
302.55
303.65
304.05
304.45
304.95
304.55
306.15
305.25
304.95
305.15
304.45
303.85
303.45
303.35
303.25
303.15
302.85
302.75
302.55
302.35
302.35
302.35
302.15
302.35
303.15
304.25
303.85
304.65
304.95
305.55
305.45
305.65
305.05
305.05
304.25
303.45
303.05
303.05
303.15
302.85
302.75
302.75
302.55
302.45
302.35
302.25
302.15
301.35
301.65
303.65
304.45
305.05
304.45
305.65
305.05
305.25
305.05
304.05
304.05
303.55
303.15
303.25
303.15
302.55
302.85
302.75
302.35
302.45
302.05
301.85
301.85
301.75
302.75
303.55
304.85
305.35
305.05
305.95
306.15
305.55
305.95
305.65
304.25
303.65
303.45
303.25
303.15
302.45
301.65
301.55
301.45
301.35
301.35
301.45
301.15
301.45
302.25
300.85
303.55
303.95
304.65
305.55
304.75
305.15
305.25
304.35
304.45
303.65
303.45
303.25
303.15
303.05
302.65
302.75
302.55
302.65
302.25
302.35
302.25
302.35
303.15
303.65
303.75
304.55
303.95
305.65
305.15
303.05
303.65
303.85
303.65
303.15
303.15
302.95
302.95
302.65
302.05
302.15
301.85
301.85
301.45
301.35
301.25
301.55
302.95
303.55
303.65
304.25
305.15
305.05
305.15
305.35
305.05
304.35
304.15
303.35
303.25
302.95
302.85
302.45
302.55
302.25
302.35
302.75
302.75
302.65
302.55
302.55
303.05
303.75
304.45
304.65
305.25
305.75
306.05
305.75
302.85
301.85
303.75
303.25
302.85
302.95
302.65
302.55
302.25
302.05
301.95
301.65
301.15
301.35
301.15
301.45
302.95
304.05
304.45
304.55
305.55
305.45
304.15
306.55
305.35
305.15
304.75
304.05
303.35
302.95
303.15
302.55
302.05
302.45
302.65
302.25
302.25
302.35
302.45
302.15
303.15
303.95
304.75
305.25
305.55
305.05
305.35
304.75
304.65
304.25
303.15
303.55
303.45
302.95
303.15
302.95
302.85
302.65
302.45
301.95
301.75
301.75
301.85
301.65
303.45
303.95
304.25
305.25
305.15
304.85
304.65
303.75
303.45
303.55
302.55
302.65
302.15
302.45
302.15
302.05
301.95
302.15
301.85
302.05
301.95
301.95
301.95
301.95
303.65
304.75
305.55
306.55
306.55
306.95
306.35
306.95
306.25
305.95
304.85
304.05
303.05
303.35
303.15
303.05
302.85
302.65
302.35
302.35
301.45
301.55
301.25
301.45
302.95
304.35
306.05
303.95
304.85
306.65
306.65
306.15
305.25
304.55
304.45
302.85
302.45
302.45
302.45
302.35
302.45
301.75
302.05
301.85
301.65
301.75
301.65
301.45
302.85
304.15
304.75
305.35
305.55
305.55
306.35
306.45
305.65
305.35
304.75
303.75
303.25
302.95
302.65
302.75
302.45
302.25
302.35
302.25
301.85
301.55
301.55
301.85
303.35
303.35
304.35
305.15
306.25
304.55
303.85
306.15
306.05
304.65
303.45
303.05
302.95
302.75
302.75
302.65
302.45
302.45
302.35
302.25
302.15
301.85
302.15
301.75
302.45
303.05
303.75
304.15
304.45
305.15
305.85
305.95
305.05
304.85
303.15
302.95
302.65
303.05
303.55
303.55
303.35
303.25
303.15
302.95
302.85
302.75
302.75
302.85
303.25
303.15
304.45
304.95
305.15
305.55
305.05
305.55
305.35
304.25
303.75
303.55
303.25
303.15
303.05
303.05
302.75
302.85
302.95
302.65
302.35
301.05
301.75
301.65
302.05
303.45
303.35
305.05
304.85
304.75
304.85
304.45
304.45
304.05
303.85
303.45
303.35
302.85
302.85
303.05
302.45
302.35
302.25
301.95
302.25
302.35
302.35
302.45
303.45
304.25
305.05
305.05
306.05
305.85
306.05
304.35
304.15
304.85
303.85
303.45
302.75
302.75
302.65
302.95
303.05
303.05
302.25
302.25
302.25
301.85
301.95
301.85
302.75
304.35
304.55
304.65
305.45
306.15
305.85
304.65
303.95
304.15
303.95
303.55
303.15
303.05
303.05
302.65
302.45
301.95
301.05
301.25
301.15
301.35
301.75
301.15
302.85
304.45
305.35
304.55
304.65
305.65
306.95
306.55
306.05
305.35
304.45
302.05
301.45
302.75
302.95
302.85
302.95
302.85
302.65
302.65
302.65
302.55
301.75
301.95
303.65
304.35
304.95
304.85
305.15
306.05
305.95
304.75
303.65
304.95
303.95
303.65
303.55
303.25
303.15
303.15
303.15
302.95
302.95
302.95
302.65
302.75
302.65
302.65
303.35
304.15
303.85
304.65
305.25
305.25
305.65
305.25
305.05
304.95
304.15
303.35
303.25
303.05
302.95
302.85
302.65
302.65
302.25
301.95
301.85
301.45
301.15
301.35
302.75
303.75
304.65
304.05
304.95
304.05
304.85
305.85
306.25
305.75
304.65
303.45
303.25
303.05
302.65
302.45
302.35
301.95
301.85
301.55
301.35
301.45
301.35
301.75
302.85
304.05
304.35
305.55
305.65
305.85
305.75
305.45
305.25
304.35
303.75
302.85
302.65
302.55
302.55
301.75
302.15
302.45
301.85
301.65
301.85
301.55
302.35
300.55
301.35
301.85
302.25
302.95
303.75
305.05
303.85
304.85
305.05
304.55
303.85
303.35
303.25
303.15
302.75
303.15
302.95
302.25
301.95
302.55
302.65
302.65
302.65
302.65
303.25
304.05
304.35
305.05
305.35
305.65
305.15
304.85
304.35
304.15
303.75
302.05
302.85
302.85
302.85
302.55
302.85
302.75
302.05
302.45
302.35
302.45
302.55
302.65
303.05
303.55
304.05
304.65
304.75
304.65
304.15
303.75
303.45
302.05
302.35
302.75
302.35
302.65
302.45
301.85
301.65
301.55
301.85
301.95
302.05
302.05
302.15
302.15
301.75
302.65
303.05
303.15
303.65
302.85
303.85
304.35
303.55
303.05
302.75
300.55
301.65
301.95
301.95
302.25
302.25
302.15
302.05
301.95
301.95
300.35
300.25
301.85
302.25
301.65
303.45
303.75
304.65
304.35
304.85
304.15
303.35
303.45
302.95
302.35
302.05
302.05
302.05
302.05
301.85
301.65
301.65
301.65
301.55
301.45
301.45
301.55
302.35
303.15
304.25
304.15
304.35
304.45
305.05
304.85
304.25
303.55
303.15
302.55
302.25
302.05
301.85
301.85
301.75
301.55
301.55
301.35
301.15
300.75
301.15
300.55
301.75
302.55
303.35
303.95
304.85
304.25
305.25
305.25
305.05
304.65
303.15
302.35
301.55
301.45
301.45
300.05
299.65
299.75
300.15
300.15
300.15
300.05
299.95
300.25
300.35
300.75
302.35
303.45
304.75
304.95
303.95
304.55
303.95
302.95
302.35
301.15
300.55
300.35
300.25
300.25
300.15
299.95
299.85
299.65
299.45
299.45
299.15
299.25
300.65
302.05
302.65
303.95
303.35
304.55
304.25
304.15
303.35
302.75
301.85
301.25
300.85
300.65
300.35
300.05
300.05
299.85
299.95
299.65
299.45
299.35
299.45
299.35
300.75
301.85
303.05
303.45
303.65
303.55
303.85
303.95
303.15
302.55
301.95
301.25
301.25
301.35
301.25
301.15
300.05
299.75
300.05
300.05
299.55
299.65
299.85
300.15
301.65
302.75
304.35
305.05
304.65
304.95
305.55
304.85
304.15
303.25
302.85
302.35
301.65
301.65
301.45
301.25
301.05
300.65
300.35
300.65
300.45
299.85
299.75
299.75
301.55
301.85
302.65
304.35
305.65
305.75
305.25
303.95
302.95
302.95
302.35
301.65
301.15
300.85
300.95
300.55
300.25
300.15
299.95
299.55
299.05
299.15
299.35
299.55
300.15
302.25
302.65
302.45
303.05
304.35
305.05
304.85
304.75
303.55
302.35
301.45
300.95
300.85
300.75
300.55
300.45
300.25
299.95
299.75
299.95
300.35
300.35
300.05
301.45
302.75
303.75
303.05
303.15
303.75
304.05
302.95
302.35
302.75
301.75
301.35
301.15
301.15
301.05
300.85
300.75
300.55
300.65
300.45
300.45
299.95
299.85
299.65
300.15
301.85
302.95
303.15
303.05
302.95
303.45
302.25
302.25
301.05
300.45
300.25
299.45
299.95
298.55
299.25
298.65
298.75
298.45
298.45
298.55
298.35
298.35
298.35
299.05
299.25
299.95
299.55
300.15
300.35
301.05
301.25
300.65
300.25
299.55
299.45
299.55
299.65
299.55
299.65
299.55
299.25
299.25
299.35
299.15
299.15
298.95
298.85
299.75
299.65
299.95
299.45
299.75
299.35
299.25
299.15
298.35
299.25
299.15
298.95
298.75
298.85
298.55
298.55
298.45
298.55
298.55
298.25
298.05
298.15
298.25
298.15
298.85
299.95
299.85
301.35
301.45
300.45
301.05
301.35
300.75
299.95
298.85
298.55
298.25
298.25
298.25
298.05
297.95
297.85
297.55
296.95
296.95
296.85
297.45
297.55
298.15
299.15
300.95
301.35
301.35
302.05
300.45
300.55
301.15
300.05
299.35
298.75
298.65
298.85
298.75
298.15
297.85
298.35
298.35
298.55
297.55
298.45
298.45
298.85
299.35
300.35
297.25
297.15
299.45
301.05
301.15
301.45
301.05
300.15
298.55
299.25
299.25
299.25
299.25
299.55
298.75
298.35
298.35
298.05
298.45
297.85
298.55
298.85
299.45
300.25
300.45
300.15
301.85
302.35
302.95
302.85
302.15
301.55
301.15
300.75
300.75
300.55
300.55
300.25
300.15
300.35
300.15
300.25
299.95
299.85
300.15
300.45
300.95
299.95
301.45
301.95
302.35
302.55
301.85
301.25
301.25
300.85
300.65
299.95
300.25
299.75
300.25
300.15
300.05
299.25
299.45
299.75
299.75
299.35
299.65
299.15
299.45
299.85
299.75
300.15
299.75
300.35
300.05
299.65
299.35
298.95
299.25
299.35
299.55
298.45
298.75
298.55
298.65
299.15
298.95
299.05
298.75
298.65
299.05
298.55
298.25
297.95
297.85
297.35
298.05
298.55
297.55
298.05
298.35
298.35
298.25
298.25
298.35
298.45
298.55
298.35
298.15
298.25
298.15
298.05
297.85
297.95
297.65
297.65
298.15
298.85
299.55
299.55
300.05
300.35
300.35
299.95
299.65
298.55
297.65
297.25
296.85
296.75
296.45
296.25
296.05
296.25
296.05
295.45
295.65
295.75
295.35
295.65
296.75
297.25
298.75
299.15
299.05
298.65
299.15
298.65
297.95
297.45
296.75
296.35
296.05
295.55
295.45
295.25
295.45
295.35
295.15
295.45
295.65
295.25
294.75
295.35
295.85
296.95
298.15
297.55
298.25
297.85
299.25
299.05
299.25
297.45
297.55
296.95
296.35
296.55
296.25
296.35
296.25
295.55
295.35
296.05
296.05
295.95
295.75
295.25
296.35
298.25
298.55
298.95
300.05
300.85
300.85
300.05
300.45
299.65
298.05
297.25
297.25
297.15
296.95
297.75
297.05
296.45
296.45
297.35
296.75
296.85
296.75
296.65
297.85
298.65
299.85
300.65
301.05
300.75
299.85
299.85
300.15
299.35
298.45
298.05
297.75
297.65
297.45
297.35
297.05
296.65
295.75
295.15
295.25
295.15
295.15
295.45
297.95
299.55
300.45
301.25
302.05
302.25
302.55
301.65
301.35
299.95
299.85
299.45
299.05
298.75
298.75
298.75
298.45
298.45
298.45
298.95
298.65
298.55
298.55
298.45
299.15
300.05
301.35
301.55
301.85
302.05
301.95
302.45
301.75
301.35
300.55
300.25
300.15
300.05
299.75
298.15
298.45
297.75
297.75
297.35
297.35
297.25
297.55
297.85
299.25
299.65
300.65
301.85
302.25
302.55
302.45
302.65
302.35
301.75
300.75
300.45
300.45
300.25
300.25
300.35
300.15
300.05
299.95
299.95
299.95
299.85
299.95
299.95
300.25
300.85
301.35
301.25
302.15
302.75
302.35
301.95
301.45
301.05
300.75
300.75
300.25
300.35
300.45
300.25
300.25
300.15
300.05
299.85
299.75
299.05
298.95
298.65
299.15
299.55
299.85
298.45
299.05
298.95
299.85
298.85
298.55
298.65
298.15
297.85
297.65
297.25
297.45
297.15
297.15
296.45
296.15
296.35
296.05
295.75
295.65
295.55
297.05
298.75
299.75
299.75
301.05
300.85
300.95
300.95
299.95
299.05
298.35
297.65
296.45
297.75
297.65
298.05
298.05
298.05
297.95
298.05
297.75
297.45
297.05
297.45
298.45
299.35
299.95
300.65
300.45
301.45
300.95
301.25
300.55
300.05
299.05
298.55
298.45
298.05
297.95
297.95
298.05
297.65
297.15
297.45
297.25
296.65
296.25
296.55
297.75
299.05
300.25
301.15
301.65
301.55
301.85
301.45
301.25
300.65
299.55
299.35
298.75
298.55
298.55
298.85
299.15
298.85
298.45
298.15
297.95
297.75
297.75
297.75
298.85
300.35
301.45
302.05
302.05
300.45
300.85
301.55
300.85
300.55
300.25
299.85
299.25
299.05
298.85
298.55
298.65
298.45
298.45
298.25
298.05
297.75
297.95
297.75
299.05
300.65
299.55
300.05
299.55
300.85
300.85
300.75
300.35
299.45
298.75
298.35
298.15
297.85
297.55
297.65
297.85
297.25
296.95
297.25
297.05
296.55
296.85
296.35
296.95
299.65
300.55
301.25
300.25
300.75
300.05
300.65
300.05
299.25
298.45
297.75
297.35
298.05
298.45
297.95
297.75
297.75
296.65
296.85
296.45
296.05
296.25
297.75
298.55
299.65
300.35
301.15
300.95
301.45
301.75
301.25
300.85
300.05
299.55
299.05
299.05
298.95
298.55
298.45
298.15
298.75
298.35
298.15
298.35
298.15
297.45
297.05
298.45
299.75
300.65
301.55
301.95
302.05
301.85
301.55
300.85
300.05
299.25
298.65
298.95
298.85
298.65
298.65
298.35
298.05
298.55
298.85
298.55
297.95
297.35
297.25
298.55
301.15
301.85
302.45
303.45
301.65
300.65
300.55
301.45
300.25
299.85
299.35
299.65
299.15
299.25
299.05
298.95
299.05
298.45
298.15
297.85
297.85
297.85
297.95
299.15
300.55
301.45
302.45
302.05
302.15
302.65
302.35
302.25
301.25
300.65
300.35
300.35
300.35
300.15
300.25
300.15
300.05
299.85
299.35
298.85
298.45
298.15
298.25
299.35
301.05
301.85
300.75
298.25
299.15
299.15
299.15
299.15
298.95
298.55
298.25
298.05
297.45
296.85
295.65
295.35
296.05
296.25
296.25
296.15
296.05
295.75
295.85
295.75
295.45
295.95
295.15
295.55
296.55
295.85
296.55
295.65
295.55
295.25
295.25
294.85
294.25
294.35
294.95
295.15
294.45
294.55
294.15
293.75
293.35
293.35
293.65
294.85
295.55
297.35
297.95
297.65
298.75
298.55
297.75
297.95
297.15
295.95
295.35
294.75
294.45
294.35
294.35
294.15
295.15
294.85
294.25
294.35
294.35
294.45
294.85
295.85
297.25
297.95
298.55
299.25
299.45
299.55
299.45
298.55
298.05
296.55
295.45
295.35
295.45
295.25
294.85
294.35
294.05
293.85
293.85
293.45
293.25
292.95
293.05
295.05
297.15
298.65
299.05
299.15
299.75
299.65
298.15
298.55
297.65
296.65
296.65
296.45
296.35
296.15
295.95
295.95
294.85
295.55
295.55
295.15
294.75
294.65
295.05
295.65
297.05
298.05
299.05
299.05
298.95
298.65
299.25
299.35
298.55
297.75
297.35
297.35
297.15
297.45
297.45
297.15
296.75
296.25
295.75
296.25
296.05
296.25
296.85
296.85
299.05
299.95
300.65
301.05
301.05
301.05
300.55
299.75
299.85
299.05
298.65
298.15
297.75
297.35
296.95
297.25
296.95
296.75
297.15
297.35
296.55
296.85
297.05
297.95
299.45
299.55
299.65
301.15
300.05
300.75
300.95
300.05
298.65
297.75
297.65
297.65
297.45
297.35
297.25
297.15
296.65
296.65
296.25
296.05
296.25
296.35
296.15
296.65
296.95
298.65
299.65
299.65
299.85
299.15
298.15
297.95
296.95
296.55
295.75
296.45
296.05
295.75
295.25
295.05
295.85
295.75
295.45
295.05
295.55
295.85
295.85
296.05
296.55
297.15
299.05
298.35
298.05
297.65
297.55
297.65
297.15
296.25
295.75
295.45
295.25
295.55
295.75
295.85
295.95
295.85
295.85
295.65
295.55
295.55
295.05
295.85
297.55
298.25
298.65
298.25
298.75
298.25
298.65
297.65
296.55
296.05
296.15
296.45
296.35
296.25
295.95
295.45
295.25
295.25
295.35
295.55
295.25
294.15
294.85
295.15
295.05
295.05
294.55
294.65
293.75
294.35
294.35
294.55
293.85
294.45
294.55
294.35
294.75
294.65
293.45
293.15
294.25
294.55
294.55
294.75
294.95
295.05
294.85
293.75
294.45
295.55
295.55
295.95
295.35
295.95
296.15
296.05
296.05
295.75
295.85
295.75
296.05
296.05
296.15
295.55
295.85
295.85
295.65
295.75
295.75
295.75
295.75
296.05
296.55
297.45
298.05
298.95
299.05
298.55
298.55
298.55
297.95
297.75
297.55
297.65
297.45
296.85
296.85
296.65
296.15
296.25
296.55
296.85
296.85
296.95
297.05
297.25
297.55
297.75
298.75
298.65
298.45
298.45
298.15
297.75
297.25
297.45
296.85
295.95
295.45
296.15
296.05
296.35
295.95
295.15
295.05
294.75
294.35
294.45
294.45
294.05
294.05
294.85
295.05
294.85
296.15
296.05
294.85
295.85
295.75
295.15
295.15
293.95
294.05
294.35
293.85
293.75
294.05
294.35
294.65
294.45
293.65
294.15
294.25
294.75
294.95
295.45
295.75
296.15
295.85
296.15
295.85
295.65
295.25
294.05
292.45
292.45
292.85
292.45
293.15
293.65
293.75
293.85
294.15
294.25
293.95
294.05
294.05
294.65
295.55
296.45
296.55
296.65
297.05
297.45
297.85
296.75
296.45
295.55
295.25
295.15
295.25
295.25
294.95
294.65
294.65
294.65
294.95
294.75
294.55
293.95
293.85
294.65
297.05
298.45
299.75
299.45
300.05
299.85
299.55
299.35
298.25
297.85
297.75
297.55
297.45
297.35
297.15
297.05
296.95
296.95
296.85
296.75
296.75
296.95
297.05
297.35
298.35
298.65
299.95
299.55
300.45
300.15
299.95
298.75
297.65
296.45
296.05
295.25
295.05
294.55
294.35
294.15
294.45
293.15
293.45
293.15
293.05
293.75
295.05
295.75
296.15
297.55
298.35
298.95
299.45
299.45
299.35
298.25
297.85
296.95
296.95
297.05
297.15
297.15
297.25
297.05
296.75
296.75
296.15
295.85
295.75
295.75
295.55
296.05
298.05
298.75
299.65
300.45
300.95
300.35
299.95
299.85
299.15
298.15
298.05
297.75
297.75
297.65
297.35
297.25
297.05
296.85
296.75
296.75
296.55
296.65
296.85
297.45
298.55
299.35
300.15
300.55
300.85
300.55
300.25
299.95
299.35
298.65
298.25
298.05
297.95
297.85
297.75
297.65
297.65
297.45
297.35
297.05
296.65
296.45
296.35
296.45
298.45
299.65
299.15
299.95
300.35
300.05
299.35
300.25
299.55
298.85
298.25
298.15
298.15
297.85
297.85
297.65
297.15
297.35
297.05
296.55
296.35
296.45
296.45
296.75
297.95
297.65
299.65
298.75
299.25
299.25
298.45
298.15
298.05
297.55
297.25
297.25
297.25
297.25
297.25
297.45
297.45
297.45
297.35
297.25
297.05
296.15
296.05
296.35
297.15
297.45
298.65
299.45
298.05
298.05
298.75
298.65
298.55
298.25
297.85
297.35
297.15
296.95
296.85
296.95
296.35
296.25
297.65
298.15
298.25
298.25
298.25
298.45
299.05
299.55
300.15
300.35
300.05
300.25
300.15
299.75
299.55
298.95
298.65
298.45
298.35
298.25
298.25
298.15
298.15
298.15
298.05
298.05
298.05
298.05
298.15
298.45
299.95
300.15
300.65
300.95
301.25
300.95
300.55
300.25
299.85
299.15
298.85
298.75
298.65
298.55
298.55
298.65
298.55
298.45
298.55
298.35
298.45
298.25
298.25
298.35
298.85
300.05
300.45
301.05
301.15
300.95
300.95
300.75
300.05
299.25
299.15
299.05
298.95
298.95
298.75
298.55
298.55
298.35
298.25
298.25
296.35
295.25
295.15
294.65
294.55
295.25
295.35
295.45
295.05
294.85
294.55
294.55
294.05
293.15
293.55
293.35
293.15
292.75
292.95
292.85
291.75
289.95
289.95
289.75
290.45
290.25
288.85
289.95
290.75
291.35
291.95
291.75
291.75
292.05
292.35
292.25
292.15
291.95
291.85
291.95
292.65
292.65
292.65
292.75
292.35
292.65
292.65
293.05
292.25
292.95
292.55
293.85
295.05
295.75
297.45
297.95
298.15
297.25
297.75
296.95
296.85
296.65
296.55
296.75
296.85
296.95
297.15
296.45
296.15
296.05
297.15
297.55
297.65
296.55
292.25
291.45
291.35
292.05
292.45
292.85
292.55
292.15
291.65
291.45
291.25
290.65
290.65
290.75
290.45
290.25
290.55
290.45
290.45
290.45
290.65
290.65
290.65
290.55
290.45
290.45
290.55
290.85
291.95
292.55
292.05
292.05
291.25
291.05
290.95
290.55
290.45
290.25
290.15
290.05
289.85
289.65
289.45
289.35
289.65
288.95
289.05
289.55
289.95
289.85
290.95
291.15
291.95
293.85
293.35
293.05
293.65
293.15
292.85
291.35
291.65
291.35
291.45
291.45
291.25
290.45
290.75
291.65
291.35
291.35
291.25
291.15
291.15
291.15
292.35
294.45
294.55
295.25
295.75
296.45
296.05
296.05
295.35
294.95
294.85
294.75
294.25
293.95
294.15
294.15
294.25
294.45
294.45
294.15
294.35
294.45
294.55
294.75
295.15
295.95
296.05
296.15
296.35
296.45
296.35
296.05
295.65
294.75
294.45
293.55
293.35
292.65
293.35
293.45
293.75
294.25
293.75
294.15
293.45
294.15
294.05
293.75
294.25
295.25
296.25
296.35
296.55
297.05
296.85
296.45
296.35
296.05
295.95
295.75
295.65
295.75
295.75
295.75
295.25
295.75
295.75
295.75
295.95
296.05
296.15
296.35
297.25
297.95
299.05
298.75
299.25
299.15
299.15
298.55
298.15
297.65
297.55
297.45
296.55
295.95
295.75
296.35
296.45
295.35
295.55
295.25
295.05
294.95
295.35
295.35
295.35
295.75
295.95
295.45
294.55
294.95
294.15
294.25
293.95
293.55
293.15
293.05
292.75
292.35
292.45
292.25
292.05
292.45
292.35
292.55
291.85
291.65
291.55
291.35
291.35
290.95
290.95
291.35
291.35
291.45
291.25
291.45
291.25
290.25
290.35
290.45
290.95
290.35
290.25
290.85
291.05
290.85
290.55
290.25
290.45
289.75
289.85
289.95
289.95
290.15
290.25
290.45
290.95
290.45
290.45
290.25
290.35
290.25
290.25
290.15
290.25
289.95
289.85
289.85
290.05
290.15
290.15
290.25
290.25
290.05
290.45
290.75
291.55
292.05
292.95
294.25
293.45
294.45
294.55
294.45
293.55
292.75
292.75
293.05
292.95
293.05
293.15
293.55
293.85
293.85
292.85
292.55
293.55
293.85
294.15
294.35
294.85
295.75
295.95
295.75
295.15
295.05
295.85
294.85
296.05
295.45
293.05
292.75
292.65
292.75
292.65
292.55
292.55
292.55
292.85
293.75
293.25
293.25
293.45
292.15
292.05
292.05
291.55
291.45
291.45
290.85
290.55
290.45
289.75
289.15
288.85
288.65
288.35
288.15
288.05
287.85
287.65
287.55
287.15
287.05
287.05
287.05
286.85
287.05
287.25
287.25
287.65
287.55
287.35
287.85
287.95
287.75
287.35
287.45
287.55
287.65
287.55
287.85
288.05
288.15
288.25
288.25
288.45
288.05
288.15
288.75
288.65
288.45
289.65
291.25
291.55
291.05
292.25
291.65
291.65
292.25
291.15
290.95
290.95
290.75
291.35
291.35
291.55
291.75
291.95
291.45
292.05
291.55
290.65
289.45
289.65
289.85
291.05
292.95
292.65
293.15
294.15
294.05
292.75
292.55
292.85
292.35
292.15
292.25
293.45
293.15
291.45
291.55
291.45
291.35
291.55
291.45
291.25
290.75
290.85
290.85
290.65
290.95
290.95
290.85
291.15
291.05
291.15
291.15
291.15
290.85
290.75
290.65
290.25
290.45
290.45
290.45
289.95
289.45
290.05
289.75
290.35
290.55
290.45
290.55
290.85
291.55
292.15
292.95
293.65
293.55
292.35
291.65
291.25
291.05
290.45
290.55
290.65
290.55
290.45
290.05
289.65
289.15
288.25
288.15
287.95
287.55
287.35
287.45
288.05
288.65
289.05
290.45
290.05
291.05
290.45
289.95
289.45
289.05
288.95
288.95
288.85
289.05
289.45
290.25
290.05
290.55
290.25
289.35
289.25
289.75
289.85
291.05
292.05
292.55
293.55
295.45
294.75
294.65
293.95
294.05
294.15
293.65
293.65
293.95
293.85
294.15
293.85
293.55
293.45
293.45
293.75
294.35
292.45
292.15
292.25
292.45
293.55
295.55
296.45
296.65
298.25
297.05
296.75
296.45
295.95
295.15
294.25
293.75
293.15
292.75
292.65
292.85
292.95
292.65
292.55
292.55
292.45
292.35
292.35
292.45
292.75
293.35
293.55
294.05
293.95
293.55
293.55
293.65
293.35
293.05
292.75
291.65
291.85
291.25
290.85
290.85
290.95
289.75
290.05
290.35
290.55
290.25
290.35
290.25
290.95
291.55
291.75
291.65
292.25
292.45
292.45
291.95
292.05
291.75
291.75
291.75
290.85
291.15
291.35
291.65
291.85
291.75
291.45
290.85
290.65
291.05
291.15
292.05
292.55
293.95
294.35
295.15
296.35
294.65
294.45
293.95
292.35
292.35
291.55
291.15
291.15
291.55
291.85
291.55
291.65
291.45
291.55
291.35
291.15
291.15
291.45
291.35
291.55
291.95
292.05
292.15
292.45
291.75
292.05
291.75
291.25
291.15
290.85
290.95
290.95
290.25
290.35
290.25
290.65
290.65
290.45
290.35
290.25
290.25
290.15
289.75
289.75
290.75
291.05
291.25
291.35
291.75
291.25
291.45
290.35
289.45
288.65
288.45
288.15
287.65
287.85
287.65
287.75
287.25
287.65
287.75
288.05
287.75
288.15
287.75
289.55
291.05
291.95
292.35
293.05
292.65
293.25
293.05
292.25
291.25
290.85
290.65
290.55
290.05
289.55
289.65
289.65
289.65
289.15
288.75
288.35
287.75
287.15
288.15
289.75
293.05
294.05
295.25
295.35
294.95
294.55
294.25
292.95
292.05
291.35
290.85
290.65
291.05
290.95
