3.3
5.8
10
10
4.5
4.5
1
4.5
10
9.8
4.5
7.8
10
10
9.8
8
5
5.3
9
10
10
9
4.8
3.8
7.8
7.8
8.8
1.3
5.8
0.3
4.3
9
10
8.5
10
10
10
10
8.3
10
10
10
9.8
8
10
6.5
4.5
2.8
6
10
7.3
5.8
7.8
4
2
4
5.3
7.8
6
6.5
10
10
7.5
9.5
10
10
10
10
7.5
9.8
10
10
7.8
4.3
7.8
8
10
8
7.3
9.5
5.5
4
5.8
7
9.8
9.5
7
8.5
5.8
6.8
8.8
9.5
9.5
9.5
3
6
10
9.8
6.5
3.5
0.5
4
1.8
9.5
3.5
2
1.3
5.3
1.5
5.3
10
6.5
10
9.8
10
9.8
10
10
7.3
9
10
9.8
10
10
10
10
10
9.8
9.8
10
9.3
9.8
9.3
8.3
9
9.5
4
10
9.5
7.5
9.8
10
10
8
7.8
6.5
8.5
6
6.8
9.3
9.5
8.3
9
9.3
6.3
9
10
10
8.8
10
8.5
8.8
10
10
10
10
9
6.8
10
8.3
9
8
7.5
8.5
9.5
9
9
8
7
7.8
9
6
3.8
6.5
7
7.3
6.5
7.5
10
10
10
8.3
5.5
5.8
4.3
3.5
5.3
5.8
4
7.5
7.8
6.5
10
10
7
5
5
6.5
7.5
6.5
9.3
9.8
10
9.8
7.3
6
5.8
4.8
5.3
5.8
7.3
8
9.8
10
8.8
7
9
10
9.8
6.8
8.8
6.3
4
2.5
6.3
5
4
5
4.8
2
4.5
5
5
5
6.5
3.8
4
4.3
7.5
3.8
6
5.3
6.3
8.8
6.3
6.5
6
4
4
4.3
3
7.3
7.8
9.5
9.5
6.3
2
4.5
4.8
3
2.5
4.8
4.8
6.3
5.5
7.3
9.3
9
8.5
8.8
6.5
10
10
10
10
6.5
7.5
7.5
4
8.3
3.3
6
8
9.8
8.8
6
3.5
7.3
7.5
9.8
6.3
3.5
3.3
4.8
4.5
8.3
8.3
4
2.8
4.3
5
4.3
8.5
5
7.3
8
10
10
9.5
9.5
10
10
7.8
3.5
6
7.5
5
2.8
6
8
9
7.3
5.8
7.8
9.5
10
8.8
9.8
9.5
8.5
9.8
10
9.8
7.3
10
10
10
6.8
10
10
9.5
9.3
10
9.8
9.8
7.8
8.5
6
10
10
8.8
10
6
5.5
4.8
