0
0
0
0
0
0
0
0
11.11111111
75
122.2222222
147.2222222
155.5555556
158.3333333
152.7777778
147.2222222
130.5555556
105.5555556
47.22222222
2.777777778
0
0
0
0
0
0
0
0
0
0
0
0
11.11111111
86.11111111
191.6666667
344.4444444
413.8888889
294.4444444
205.5555556
147.2222222
150
100
41.66666667
0
0
0
0
0
0
0
0
0
0
0
0
0
11.11111111
50
122.2222222
261.1111111
280.5555556
377.7777778
241.6666667
244.4444444
94.44444444
72.22222222
16.66666667
0
0
0
0
0
0
0
0
0
0
0
0
0
8.333333333
69.44444444
133.3333333
205.5555556
305.5555556
333.3333333
294.4444444
213.8888889
213.8888889
141.6666667
52.77777778
0
0
0
0
0
0
0
0
0
0
0
0
0
11.11111111
83.33333333
197.2222222
222.2222222
261.1111111
277.7777778
244.4444444
219.4444444
166.6666667
119.4444444
52.77777778
2.777777778
0
0
0
0
0
0
0
0
0
0
0
0
8.333333333
80.55555556
130.5555556
150
108.3333333
122.2222222
122.2222222
127.7777778
130.5555556
119.4444444
52.77777778
2.777777778
0
0
0
0
0
0
0
0
0
0
0
0
13.88888889
75
116.6666667
138.8888889
147.2222222
150
150
141.6666667
125
100
47.22222222
2.777777778
0
0
0
0
0
0
0
0
0
0
0
0
11.11111111
69.44444444
105.5555556
125
138.8888889
144.4444444
150
180.5555556
141.6666667
125
38.88888889
0
0
0
0
0
0
0
0
0
0
0
0
0
2.777777778
16.66666667
52.77777778
113.8888889
55.55555556
72.22222222
66.66666667
47.22222222
61.11111111
25
5.555555556
0
0
0
0
0
0
0
0
0
0
0
0
0
5.555555556
88.88888889
180.5555556
258.3333333
177.7777778
263.8888889
247.2222222
277.7777778
194.4444444
125
33.33333333
0
0
0
0
0
0
0
0
0
0
0
0
0
11.11111111
83.33333333
130.5555556
186.1111111
180.5555556
191.6666667
172.2222222
219.4444444
122.2222222
88.88888889
58.33333333
2.777777778
0
0
0
0
0
0
0
0
0
0
0
0
8.333333333
63.88888889
188.8888889
180.5555556
294.4444444
272.2222222
144.4444444
375
233.3333333
75
25
2.777777778
0
0
0
0
0
0
0
0
0
0
0
0
13.88888889
86.11111111
158.3333333
152.7777778
186.1111111
166.6666667
258.3333333
322.2222222
211.1111111
75
41.66666667
2.777777778
0
0
0
0
0
0
0
0
0
0
0
0
5.555555556
72.22222222
94.44444444
102.7777778
163.8888889
130.5555556
100
108.3333333
80.55555556
47.22222222
16.66666667
0
0
0
0
0
0
0
0
0
0
0
0
0
5.555555556
41.66666667
136.1111111
222.2222222
144.4444444
208.3333333
238.8888889
216.6666667
133.3333333
102.7777778
50
2.777777778
0
0
0
0
0
0
0
0
0
0
0
0
5.555555556
63.88888889
155.5555556
230.5555556
200
363.8888889
180.5555556
175
194.4444444
125
58.33333333
2.777777778
0
0
0
0
0
0
0
0
0
0
0
0
8.333333333
61.11111111
163.8888889
125
200
302.7777778
250
205.5555556
161.1111111
127.7777778
52.77777778
2.777777778
0
0
0
0
0
0
0
0
0
0
0
0
11.11111111
77.77777778
155.5555556
252.7777778
308.3333333
341.6666667
280.5555556
358.3333333
266.6666667
111.1111111
38.88888889
2.777777778
0
0
0
0
0
0
0
0
0
0
0
0
8.333333333
58.33333333
113.8888889
202.7777778
275
319.4444444
313.8888889
269.4444444
194.4444444
105.5555556
80.55555556
5.555555556
0
0
0
0
0
0
0
0
0
0
0
0
5.555555556
22.22222222
86.11111111
283.3333333
272.2222222
272.2222222
275
280.5555556
291.6666667
125
41.66666667
2.777777778
0
0
0
0
0
0
0
0
0
0
0
0
0
5.555555556
19.44444444
58.33333333
55.55555556
52.77777778
47.22222222
33.33333333
58.33333333
19.44444444
5.555555556
0
0
0
0
0
0
0
0
0
0
0
0
0
5.555555556
63.88888889
100
211.1111111
183.3333333
183.3333333
347.2222222
175
180.5555556
155.5555556
77.77777778
5.555555556
0
0
0
0
0
0
0
0
0
0
0
0
11.11111111
61.11111111
116.6666667
225
236.1111111
194.4444444
183.3333333
247.2222222
169.4444444
116.6666667
63.88888889
5.555555556
0
0
0
0
0
0
0
0
0
0
0
0
11.11111111
55.55555556
100
136.1111111
141.6666667
133.3333333
111.1111111
108.3333333
161.1111111
144.4444444
77.77777778
5.555555556
0
0
0
0
0
0
0
0
0
0
0
0
8.333333333
66.66666667
125
136.1111111
91.66666667
97.22222222
100
100
102.7777778
97.22222222
50
2.777777778
0
0
0
0
0
0
0
0
0
0
0
0
16.66666667
36.11111111
105.5555556
205.5555556
311.1111111
377.7777778
383.3333333
308.3333333
227.7777778
152.7777778
44.44444444
2.777777778
0
0
0
0
0
0
0
0
0
0
0
0
8.333333333
69.44444444
163.8888889
283.3333333
300
269.4444444
250
141.6666667
241.6666667
100
75
8.333333333
0
0
0
0
0
0
0
0
0
0
0
0
13.88888889
63.88888889
91.66666667
100
105.5555556
113.8888889
119.4444444
119.4444444
108.3333333
94.44444444
61.11111111
8.333333333
0
0
0
0
0
0
0
0
0
0
0
0
5.555555556
69.44444444
177.7777778
88.88888889
311.1111111
388.8888889
313.8888889
177.7777778
116.6666667
86.11111111
55.55555556
8.333333333
0
0
0
0
0
0
0
0
0
0
0
0
13.88888889
75
119.4444444
150
163.8888889
166.6666667
169.4444444
158.3333333
147.2222222
133.3333333
75
8.333333333
0
0
0
0
0
0
0
0
0
0
0
0
11.11111111
77.77777778
122.2222222
172.2222222
144.4444444
211.1111111
275
236.1111111
230.5555556
144.4444444
72.22222222
8.333333333
0
0
0
0
0
0
0
0
0
0
0
0
8.333333333
69.44444444
175
283.3333333
350
263.8888889
233.3333333
244.4444444
136.1111111
119.4444444
61.11111111
2.777777778
0
0
0
0
0
0
0
0
0
0
0
0
5.555555556
63.88888889
116.6666667
116.6666667
238.8888889
344.4444444
369.4444444
236.1111111
147.2222222
119.4444444
47.22222222
2.777777778
0
0
0
0
0
0
0
0
0
0
0
0
5.555555556
83.33333333
127.7777778
177.7777778
225
250
255.5555556
252.7777778
252.7777778
177.7777778
66.66666667
8.333333333
0
0
0
0
0
0
0
0
0
0
0
0
8.333333333
119.4444444
197.2222222
322.2222222
405.5555556
394.4444444
361.1111111
188.8888889
133.3333333
47.22222222
22.22222222
2.777777778
0
0
0
0
0
0
0
0
0
0
0
0
8.333333333
44.44444444
100
188.8888889
269.4444444
325
327.7777778
200
283.3333333
158.3333333
66.66666667
2.777777778
0
0
0
0
0
0
0
0
0
0
0
0
5.555555556
38.88888889
166.6666667
194.4444444
150
250
180.5555556
111.1111111
197.2222222
194.4444444
108.3333333
8.333333333
0
0
0
0
0
0
0
0
0
0
0
0
8.333333333
88.88888889
188.8888889
241.6666667
261.1111111
350
302.7777778
486.1111111
183.3333333
108.3333333
25
8.333333333
0
0
0
0
0
0
0
0
0
0
0
0
11.11111111
58.33333333
158.3333333
269.4444444
302.7777778
350
347.2222222
419.4444444
308.3333333
52.77777778
22.22222222
2.777777778
0
0
0
0
0
0
0
0
0
0
0
0
2.777777778
19.44444444
97.22222222
136.1111111
200
127.7777778
44.44444444
80.55555556
61.11111111
27.77777778
13.88888889
2.777777778
0
0
0
0
0
0
0
0
0
0
0
0
11.11111111
41.66666667
66.66666667
94.44444444
86.11111111
119.4444444
130.5555556
91.66666667
55.55555556
36.11111111
16.66666667
2.777777778
0
0
0
0
0
0
0
0
0
0
0
0
2.777777778
41.66666667
127.7777778
302.7777778
338.8888889
211.1111111
330.5555556
138.8888889
205.5555556
52.77777778
19.44444444
2.777777778
0
0
0
0
0
0
0
0
0
0
0
0
5.555555556
50
200
369.4444444
477.7777778
444.4444444
216.6666667
169.4444444
208.3333333
155.5555556
72.22222222
11.11111111
0
0
0
0
0
0
0
0
0
0
0
0
13.88888889
66.66666667
91.66666667
111.1111111
322.2222222
391.6666667
258.3333333
286.1111111
175
166.6666667
50
2.777777778
0
0
0
0
0
0
0
0
0
0
0
0
5.555555556
33.33333333
86.11111111
322.2222222
194.4444444
158.3333333
261.1111111
88.88888889
238.8888889
122.2222222
50
2.777777778
0
0
0
0
0
0
0
0
0
0
0
0
25
97.22222222
197.2222222
180.5555556
241.6666667
450
280.5555556
347.2222222
222.2222222
158.3333333
100
19.44444444
0
0
0
0
0
0
0
0
0
0
0
0
22.22222222
94.44444444
183.3333333
294.4444444
397.2222222
313.8888889
302.7777778
172.2222222
177.7777778
141.6666667
102.7777778
19.44444444
0
0
0
0
0
0
0
0
0
0
0
0
22.22222222
97.22222222
155.5555556
205.5555556
269.4444444
319.4444444
288.8888889
269.4444444
297.2222222
169.4444444
97.22222222
19.44444444
0
0
0
0
0
0
0
0
0
0
0
0
22.22222222
86.11111111
155.5555556
236.1111111
197.2222222
197.2222222
308.3333333
286.1111111
233.3333333
191.6666667
44.44444444
19.44444444
0
0
0
0
0
0
0
0
0
0
0
0
2.777777778
25
38.88888889
66.66666667
105.5555556
205.5555556
144.4444444
138.8888889
58.33333333
50
19.44444444
2.777777778
0
0
0
0
0
0
0
0
0
0
0
0
8.333333333
75
172.2222222
311.1111111
288.8888889
347.2222222
330.5555556
300
263.8888889
202.7777778
105.5555556
22.22222222
0
0
0
0
0
0
0
0
0
0
0
0
11.11111111
83.33333333
191.6666667
216.6666667
94.44444444
186.1111111
450
341.6666667
269.4444444
241.6666667
105.5555556
19.44444444
0
0
0
0
0
0
0
0
0
0
0
0
30.55555556
133.3333333
169.4444444
358.3333333
480.5555556
441.6666667
191.6666667
350
308.3333333
188.8888889
75
22.22222222
0
0
0
0
0
0
0
0
0
0
0
0
22.22222222
88.88888889
138.8888889
183.3333333
236.1111111
213.8888889
238.8888889
236.1111111
194.4444444
166.6666667
77.77777778
22.22222222
0
0
0
0
0
0
0
0
0
0
0
0
27.77777778
94.44444444
136.1111111
138.8888889
144.4444444
147.2222222
144.4444444
130.5555556
119.4444444
111.1111111
72.22222222
22.22222222
0
0
0
0
0
0
0
0
0
0
0
0
30.55555556
108.3333333
122.2222222
152.7777778
166.6666667
219.4444444
250
238.8888889
180.5555556
122.2222222
88.88888889
22.22222222
0
0
0
0
0
0
0
0
0
0
0
0
33.33333333
116.6666667
188.8888889
261.1111111
286.1111111
311.1111111
258.3333333
227.7777778
169.4444444
144.4444444
97.22222222
19.44444444
0
0
0
0
0
0
0
0
0
0
0
0
36.11111111
161.1111111
238.8888889
352.7777778
327.7777778
427.7777778
425
305.5555556
291.6666667
200
88.88888889
13.88888889
0
0
0
0
0
0
0
0
0
0
0
0
25
122.2222222
155.5555556
316.6666667
425
263.8888889
308.3333333
205.5555556
158.3333333
97.22222222
75
22.22222222
0
0
0
0
0
0
0
0
0
0
0
0
36.11111111
144.4444444
230.5555556
286.1111111
311.1111111
338.8888889
297.2222222
352.7777778
308.3333333
233.3333333
147.2222222
22.22222222
0
0
0
0
0
0
0
0
0
0
0
0
8.333333333
47.22222222
147.2222222
319.4444444
438.8888889
380.5555556
322.2222222
277.7777778
183.3333333
83.33333333
16.66666667
2.777777778
0
0
0
0
0
0
0
0
0
0
0
0
11.11111111
36.11111111
72.22222222
63.88888889
277.7777778
366.6666667
177.7777778
188.8888889
183.3333333
77.77777778
50
11.11111111
0
0
0
0
0
0
0
0
0
0
0
0
33.33333333
75
63.88888889
150
288.8888889
158.3333333
230.5555556
200
180.5555556
158.3333333
130.5555556
25
0
0
0
0
0
0
0
0
0
0
0
0
5.555555556
27.77777778
33.33333333
102.7777778
397.2222222
319.4444444
411.1111111
386.1111111
308.3333333
227.7777778
86.11111111
19.44444444
0
0
0
0
0
0
0
0
0
0
0
0
2.777777778
22.22222222
66.66666667
213.8888889
313.8888889
213.8888889
186.1111111
161.1111111
155.5555556
125
63.88888889
8.333333333
0
0
0
0
0
0
0
0
0
0
0
0
13.88888889
55.55555556
130.5555556
102.7777778
261.1111111
466.6666667
427.7777778
280.5555556
336.1111111
186.1111111
52.77777778
8.333333333
0
0
0
0
0
0
0
0
0
0
0
0
22.22222222
66.66666667
172.2222222
269.4444444
475
444.4444444
380.5555556
308.3333333
94.44444444
55.55555556
19.44444444
5.555555556
0
0
0
0
0
0
0
0
0
0
0
0
11.11111111
41.66666667
194.4444444
163.8888889
216.6666667
230.5555556
200
216.6666667
194.4444444
241.6666667
119.4444444
13.88888889
0
0
0
0
0
0
0
0
0
0
0
0
22.22222222
75
261.1111111
355.5555556
386.1111111
372.2222222
372.2222222
352.7777778
300
225
133.3333333
22.22222222
0
0
0
0
0
0
0
0
0
0
0
0
33.33333333
97.22222222
236.1111111
330.5555556
422.2222222
600
550
472.2222222
386.1111111
269.4444444
102.7777778
22.22222222
0
0
0
0
0
0
0
0
0
0
0
0
22.22222222
80.55555556
83.33333333
141.6666667
55.55555556
94.44444444
75
36.11111111
47.22222222
30.55555556
11.11111111
2.777777778
0
0
0
0
0
0
0
0
0
0
0
0
8.333333333
33.33333333
102.7777778
88.88888889
222.2222222
155.5555556
127.7777778
116.6666667
58.33333333
50
19.44444444
11.11111111
0
0
0
0
0
0
0
0
0
0
0
0
52.77777778
161.1111111
252.7777778
322.2222222
347.2222222
411.1111111
408.3333333
400
319.4444444
211.1111111
125
25
0
0
0
0
0
0
0
0
0
0
0
0
44.44444444
166.6666667
227.7777778
313.8888889
344.4444444
358.3333333
369.4444444
333.3333333
305.5555556
222.2222222
138.8888889
30.55555556
0
0
0
0
0
0
0
0
0
0
0
0
25
119.4444444
102.7777778
80.55555556
283.3333333
547.2222222
466.6666667
230.5555556
227.7777778
225
108.3333333
27.77777778
0
0
0
0
0
0
0
0
0
0
0
0
27.77777778
100
275
377.7777778
269.4444444
486.1111111
355.5555556
372.2222222
311.1111111
202.7777778
116.6666667
27.77777778
0
0
0
0
0
0
0
0
0
0
0
0
16.66666667
102.7777778
233.3333333
288.8888889
313.8888889
313.8888889
305.5555556
347.2222222
325
244.4444444
133.3333333
27.77777778
0
0
0
0
0
0
0
0
0
0
0
0
25
113.8888889
244.4444444
344.4444444
308.3333333
425
433.3333333
436.1111111
344.4444444
233.3333333
125
30.55555556
0
0
0
0
0
0
0
0
0
0
0
2.777777778
61.11111111
161.1111111
255.5555556
308.3333333
486.1111111
238.8888889
297.2222222
300
91.66666667
41.66666667
11.11111111
2.777777778
0
0
0
0
0
0
0
0
0
0
0
0
8.333333333
36.11111111
61.11111111
97.22222222
200
238.8888889
119.4444444
133.3333333
183.3333333
150
111.1111111
22.22222222
0
0
0
0
0
0
0
0
0
0
0
2.777777778
50
147.2222222
238.8888889
330.5555556
325
361.1111111
377.7777778
330.5555556
272.2222222
216.6666667
141.6666667
36.11111111
0
0
0
0
0
0
0
0
0
0
0
2.777777778
58.33333333
197.2222222
277.7777778
222.2222222
394.4444444
408.3333333
261.1111111
305.5555556
283.3333333
208.3333333
130.5555556
38.88888889
0
0
0
0
0
0
0
0
0
0
0
2.777777778
61.11111111
125
150
230.5555556
227.7777778
236.1111111
247.2222222
333.3333333
219.4444444
163.8888889
116.6666667
36.11111111
0
0
0
0
0
0
0
0
0
0
0
2.777777778
55.55555556
200
277.7777778
316.6666667
255.5555556
277.7777778
336.1111111
261.1111111
230.5555556
186.1111111
136.1111111
36.11111111
0
0
0
0
0
0
0
0
0
0
0
2.777777778
58.33333333
180.5555556
305.5555556
444.4444444
491.6666667
572.2222222
425
244.4444444
144.4444444
108.3333333
50
11.11111111
0
0
0
0
0
0
0
0
0
0
0
0
22.22222222
58.33333333
75
144.4444444
158.3333333
175
136.1111111
261.1111111
302.7777778
147.2222222
27.77777778
8.333333333
0
0
0
0
0
0
0
0
0
0
0
2.777777778
44.44444444
163.8888889
305.5555556
222.2222222
127.7777778
211.1111111
333.3333333
277.7777778
122.2222222
113.8888889
111.1111111
44.44444444
0
0
0
0
0
0
0
0
0
0
0
5.555555556
66.66666667
175
313.8888889
288.8888889
380.5555556
269.4444444
266.6666667
283.3333333
366.6666667
113.8888889
36.11111111
8.333333333
0
0
0
0
0
0
0
0
0
0
0
2.777777778
55.55555556
180.5555556
219.4444444
250
269.4444444
330.5555556
380.5555556
336.1111111
266.6666667
202.7777778
155.5555556
38.88888889
0
0
0
0
0
0
0
0
0
0
0
8.333333333
111.1111111
183.3333333
241.6666667
427.7777778
416.6666667
486.1111111
458.3333333
416.6666667
361.1111111
255.5555556
150
16.66666667
0
0
0
0
0
0
0
0
0
0
0
2.777777778
19.44444444
72.22222222
225
375
455.5555556
405.5555556
355.5555556
250
275
222.2222222
150
25
0
0
0
0
0
0
0
0
0
0
0
2.777777778
75
127.7777778
272.2222222
388.8888889
405.5555556
263.8888889
466.6666667
411.1111111
325
119.4444444
66.66666667
19.44444444
0
0
0
0
0
0
0
0
0
0
0
5.555555556
75
177.7777778
325
358.3333333
444.4444444
616.6666667
544.4444444
333.3333333
350
152.7777778
75
13.88888889
0
0
0
0
0
0
0
0
0
0
0
0
22.22222222
52.77777778
97.22222222
305.5555556
436.1111111
580.5555556
530.5555556
455.5555556
383.3333333
233.3333333
127.7777778
36.11111111
0
0
0
0
0
0
0
0
0
0
0
8.333333333
80.55555556
152.7777778
194.4444444
225
236.1111111
241.6666667
233.3333333
230.5555556
211.1111111
177.7777778
122.2222222
41.66666667
0
0
0
0
0
0
0
0
0
0
0
11.11111111
80.55555556
150
266.6666667
288.8888889
341.6666667
416.6666667
425
408.3333333
363.8888889
230.5555556
113.8888889
36.11111111
0
0
0
0
0
0
0
0
0
0
0
2.777777778
25
100
258.3333333
191.6666667
277.7777778
405.5555556
308.3333333
313.8888889
355.5555556
308.3333333
144.4444444
25
0
0
0
0
0
0
0
0
0
0
0
5.555555556
80.55555556
208.3333333
341.6666667
480.5555556
494.4444444
558.3333333
547.2222222
519.4444444
397.2222222
261.1111111
188.8888889
41.66666667
0
0
0
0
0
0
0
0
0
0
0
8.333333333
91.66666667
188.8888889
313.8888889
513.8888889
519.4444444
325
266.6666667
355.5555556
188.8888889
222.2222222
116.6666667
25
0
0
0
0
0
0
0
0
0
0
0
13.88888889
86.11111111
155.5555556
266.6666667
330.5555556
433.3333333
355.5555556
427.7777778
261.1111111
158.3333333
125
94.44444444
41.66666667
0
0
0
0
0
0
0
0
0
0
0
13.88888889
69.44444444
122.2222222
155.5555556
169.4444444
163.8888889
147.2222222
138.8888889
133.3333333
122.2222222
108.3333333
86.11111111
38.88888889
0
0
0
0
0
0
0
0
0
0
0
16.66666667
86.11111111
175
361.1111111
144.4444444
136.1111111
144.4444444
150
144.4444444
125
113.8888889
88.88888889
41.66666667
0
0
0
0
0
0
0
0
0
0
0
13.88888889
72.22222222
105.5555556
130.5555556
150
172.2222222
180.5555556
300
211.1111111
169.4444444
227.7777778
169.4444444
50
0
0
0
0
0
0
0
0
0
0
0
8.333333333
50
177.7777778
202.7777778
316.6666667
291.6666667
244.4444444
188.8888889
211.1111111
213.8888889
125
83.33333333
33.33333333
0
0
0
0
0
0
0
0
0
0
0
16.66666667
94.44444444
152.7777778
244.4444444
275
344.4444444
347.2222222
344.4444444
338.8888889
272.2222222
233.3333333
163.8888889
63.88888889
2.777777778
0
0
0
0
0
0
0
0
0
0
19.44444444
97.22222222
141.6666667
169.4444444
200
394.4444444
566.6666667
352.7777778
252.7777778
208.3333333
186.1111111
130.5555556
50
0
0
0
0
0
0
0
0
0
0
0
11.11111111
77.77777778
216.6666667
194.4444444
219.4444444
236.1111111
250
236.1111111
213.8888889
211.1111111
186.1111111
119.4444444
47.22222222
0
0
0
0
0
0
0
0
0
0
0
19.44444444
100
225
330.5555556
330.5555556
258.3333333
241.6666667
258.3333333
227.7777778
202.7777778
166.6666667
119.4444444
44.44444444
2.777777778
0
0
0
0
0
0
0
0
0
0
22.22222222
91.66666667
141.6666667
163.8888889
166.6666667
169.4444444
175
175
172.2222222
163.8888889
141.6666667
102.7777778
44.44444444
0
0
0
0
0
0
0
0
0
0
0
19.44444444
113.8888889
222.2222222
222.2222222
233.3333333
263.8888889
250
238.8888889
244.4444444
350
311.1111111
166.6666667
36.11111111
0
0
0
0
0
0
0
0
0
0
0
11.11111111
72.22222222
147.2222222
133.3333333
150
441.6666667
450
388.8888889
502.7777778
280.5555556
208.3333333
158.3333333
47.22222222
2.777777778
0
0
0
0
0
0
0
0
0
0
22.22222222
100
161.1111111
208.3333333
269.4444444
341.6666667
263.8888889
538.8888889
469.4444444
275
105.5555556
33.33333333
5.555555556
0
0
0
0
0
0
0
0
0
0
0
11.11111111
47.22222222
66.66666667
141.6666667
208.3333333
216.6666667
405.5555556
252.7777778
200
72.22222222
69.44444444
47.22222222
16.66666667
0
0
0
0
0
0
0
0
0
0
0
5.555555556
16.66666667
100
83.33333333
130.5555556
88.88888889
100
108.3333333
211.1111111
130.5555556
286.1111111
191.6666667
33.33333333
0
0
0
0
0
0
0
0
0
0
0
8.333333333
44.44444444
122.2222222
100
69.44444444
72.22222222
52.77777778
25
36.11111111
44.44444444
38.88888889
30.55555556
13.88888889
0
0
0
0
0
0
0
0
0
0
0
22.22222222
108.3333333
233.3333333
294.4444444
341.6666667
513.8888889
558.3333333
455.5555556
286.1111111
366.6666667
302.7777778
147.2222222
27.77777778
0
0
0
0
0
0
0
0
0
0
0
11.11111111
66.66666667
136.1111111
177.7777778
352.7777778
427.7777778
422.2222222
338.8888889
430.5555556
319.4444444
125
94.44444444
5.555555556
0
0
0
0
0
0
0
0
0
0
0
16.66666667
108.3333333
325
472.2222222
519.4444444
547.2222222
572.2222222
533.3333333
519.4444444
366.6666667
163.8888889
122.2222222
44.44444444
2.777777778
0
0
0
0
0
0
0
0
0
0
25
133.3333333
258.3333333
347.2222222
377.7777778
408.3333333
480.5555556
422.2222222
375
341.6666667
275
155.5555556
58.33333333
2.777777778
0
0
0
0
0
0
0
0
0
0
27.77777778
122.2222222
219.4444444
400
466.6666667
472.2222222
522.2222222
497.2222222
436.1111111
377.7777778
300
194.4444444
72.22222222
2.777777778
0
0
0
0
0
0
0
0
0
0
16.66666667
38.88888889
94.44444444
200
344.4444444
341.6666667
294.4444444
236.1111111
197.2222222
102.7777778
41.66666667
36.11111111
11.11111111
0
0
0
0
0
0
0
0
0
0
0
22.22222222
144.4444444
233.3333333
386.1111111
433.3333333
441.6666667
416.6666667
547.2222222
419.4444444
302.7777778
236.1111111
88.88888889
16.66666667
2.777777778
0
0
0
0
0
0
0
0
0
0
8.333333333
63.88888889
144.4444444
352.7777778
488.8888889
588.8888889
577.7777778
611.1111111
425
280.5555556
266.6666667
127.7777778
38.88888889
2.777777778
0
0
0
0
0
0
0
0
0
0
8.333333333
77.77777778
177.7777778
291.6666667
405.5555556
308.3333333
427.7777778
508.3333333
455.5555556
427.7777778
322.2222222
113.8888889
22.22222222
0
0
0
0
0
0
0
0
0
0
0
0
2.777777778
38.88888889
22.22222222
50
122.2222222
133.3333333
194.4444444
113.8888889
108.3333333
94.44444444
77.77777778
36.11111111
0
0
0
0
0
0
0
0
0
0
0
8.333333333
27.77777778
88.88888889
180.5555556
200
152.7777778
208.3333333
138.8888889
77.77777778
100
72.22222222
30.55555556
11.11111111
0
0
0
0
0
0
0
0
0
0
0
5.555555556
25
111.1111111
272.2222222
236.1111111
177.7777778
191.6666667
155.5555556
230.5555556
100
72.22222222
100
27.77777778
0
0
0
0
0
0
0
0
0
0
0
16.66666667
52.77777778
211.1111111
233.3333333
405.5555556
394.4444444
219.4444444
327.7777778
361.1111111
416.6666667
313.8888889
163.8888889
52.77777778
2.777777778
0
0
0
0
0
0
0
0
0
0
30.55555556
113.8888889
244.4444444
341.6666667
433.3333333
452.7777778
333.3333333
458.3333333
350
288.8888889
177.7777778
125
41.66666667
2.777777778
0
0
0
0
0
0
0
0
0
0
8.333333333
33.33333333
83.33333333
213.8888889
302.7777778
530.5555556
486.1111111
186.1111111
75
75
25
61.11111111
41.66666667
2.777777778
0
0
0
0
0
0
0
0
0
0
33.33333333
127.7777778
180.5555556
316.6666667
463.8888889
483.3333333
502.7777778
575
386.1111111
400
347.2222222
144.4444444
88.88888889
2.777777778
0
0
0
0
0
0
0
0
0
0
16.66666667
94.44444444
252.7777778
363.8888889
405.5555556
625
544.4444444
513.8888889
547.2222222
461.1111111
272.2222222
172.2222222
66.66666667
0
0
0
0
0
0
0
0
0
0
0
2.777777778
13.88888889
61.11111111
72.22222222
72.22222222
508.3333333
572.2222222
530.5555556
358.3333333
194.4444444
158.3333333
127.7777778
72.22222222
5.555555556
0
0
0
0
0
0
0
0
0
0
44.44444444
133.3333333
186.1111111
172.2222222
163.8888889
244.4444444
600
577.7777778
444.4444444
408.3333333
300
180.5555556
63.88888889
2.777777778
0
0
0
0
0
0
0
0
0
0
36.11111111
136.1111111
258.3333333
363.8888889
358.3333333
491.6666667
408.3333333
525
508.3333333
350
227.7777778
108.3333333
41.66666667
2.777777778
0
0
0
0
0
0
0
0
0
0
30.55555556
155.5555556
263.8888889
330.5555556
391.6666667
500
500
588.8888889
341.6666667
305.5555556
305.5555556
169.4444444
75
2.777777778
0
0
0
0
0
0
0
0
0
0
33.33333333
130.5555556
136.1111111
172.2222222
497.2222222
322.2222222
480.5555556
530.5555556
416.6666667
308.3333333
155.5555556
130.5555556
100
2.777777778
0
0
0
0
0
0
0
0
0
0
36.11111111
141.6666667
275
338.8888889
480.5555556
394.4444444
511.1111111
480.5555556
236.1111111
338.8888889
300
155.5555556
38.88888889
0
0
0
0
0
0
0
0
0
0
0
38.88888889
147.2222222
222.2222222
275
372.2222222
488.8888889
458.3333333
433.3333333
363.8888889
222.2222222
163.8888889
75
30.55555556
5.555555556
0
0
0
0
0
0
0
0
0
0
50
108.3333333
205.5555556
372.2222222
466.6666667
341.6666667
405.5555556
452.7777778
427.7777778
322.2222222
177.7777778
69.44444444
72.22222222
5.555555556
0
0
0
0
0
0
0
0
0
0
25
150
175
166.6666667
211.1111111
330.5555556
452.7777778
486.1111111
441.6666667
241.6666667
83.33333333
77.77777778
66.66666667
2.777777778
0
0
0
0
0
0
0
0
0
0
8.333333333
27.77777778
122.2222222
263.8888889
261.1111111
411.1111111
338.8888889
450
244.4444444
230.5555556
133.3333333
80.55555556
33.33333333
2.777777778
0
0
0
0
0
0
0
0
0
0
13.88888889
108.3333333
169.4444444
336.1111111
444.4444444
586.1111111
333.3333333
452.7777778
100
30.55555556
55.55555556
50
8.333333333
2.777777778
0
0
0
0
0
0
0
0
0
0
44.44444444
147.2222222
277.7777778
300
475
391.6666667
527.7777778
180.5555556
177.7777778
452.7777778
272.2222222
155.5555556
63.88888889
5.555555556
0
0
0
0
0
0
0
0
0
0
41.66666667
86.11111111
247.2222222
363.8888889
291.6666667
200
252.7777778
247.2222222
175
275
194.4444444
133.3333333
80.55555556
5.555555556
0
0
0
0
0
0
0
0
0
0
47.22222222
113.8888889
186.1111111
130.5555556
202.7777778
269.4444444
175
152.7777778
197.2222222
272.2222222
252.7777778
150
69.44444444
5.555555556
0
0
0
0
0
0
0
0
0
0
30.55555556
102.7777778
144.4444444
283.3333333
252.7777778
452.7777778
555.5555556
469.4444444
405.5555556
375
227.7777778
186.1111111
88.88888889
8.333333333
0
0
0
0
0
0
0
0
0
0
41.66666667
116.6666667
166.6666667
211.1111111
316.6666667
508.3333333
280.5555556
522.2222222
486.1111111
350
311.1111111
186.1111111
47.22222222
2.777777778
0
0
0
0
0
0
0
0
0
2.777777778
66.66666667
183.3333333
219.4444444
311.1111111
394.4444444
305.5555556
258.3333333
255.5555556
244.4444444
230.5555556
255.5555556
175
66.66666667
5.555555556
0
0
0
0
0
0
0
0
0
0
50
138.8888889
219.4444444
344.4444444
400
461.1111111
327.7777778
394.4444444
419.4444444
388.8888889
330.5555556
150
55.55555556
5.555555556
0
0
0
0
0
0
0
0
0
0
19.44444444
91.66666667
272.2222222
313.8888889
366.6666667
444.4444444
455.5555556
400
355.5555556
133.3333333
183.3333333
163.8888889
66.66666667
2.777777778
0
0
0
0
0
0
0
0
0
0
36.11111111
169.4444444
350
325
386.1111111
322.2222222
261.1111111
363.8888889
255.5555556
294.4444444
208.3333333
194.4444444
116.6666667
11.11111111
0
0
0
0
0
0
0
0
0
0
38.88888889
125
172.2222222
219.4444444
375
525
408.3333333
347.2222222
397.2222222
272.2222222
163.8888889
150
50
5.555555556
0
0
0
0
0
0
0
0
0
0
36.11111111
141.6666667
208.3333333
294.4444444
316.6666667
411.1111111
394.4444444
258.3333333
375
216.6666667
241.6666667
200
66.66666667
5.555555556
0
0
0
0
0
0
0
0
0
2.777777778
66.66666667
158.3333333
202.7777778
227.7777778
269.4444444
436.1111111
480.5555556
347.2222222
336.1111111
272.2222222
241.6666667
188.8888889
91.66666667
5.555555556
0
0
0
0
0
0
0
0
0
0
41.66666667
152.7777778
272.2222222
338.8888889
438.8888889
469.4444444
450
452.7777778
472.2222222
413.8888889
202.7777778
83.33333333
36.11111111
2.777777778
0
0
0
0
0
0
0
0
0
0
19.44444444
77.77777778
213.8888889
366.6666667
455.5555556
463.8888889
519.4444444
438.8888889
469.4444444
394.4444444
283.3333333
216.6666667
47.22222222
5.555555556
0
0
0
0
0
0
0
0
0
0
22.22222222
161.1111111
194.4444444
300
475
463.8888889
300
483.3333333
519.4444444
441.6666667
241.6666667
155.5555556
63.88888889
5.555555556
0
0
0
0
0
0
0
0
0
0
55.55555556
213.8888889
169.4444444
369.4444444
319.4444444
391.6666667
238.8888889
300
455.5555556
338.8888889
211.1111111
163.8888889
69.44444444
8.333333333
0
0
0
0
0
0
0
0
0
0
27.77777778
119.4444444
250
277.7777778
316.6666667
458.3333333
350
302.7777778
180.5555556
191.6666667
236.1111111
152.7777778
47.22222222
5.555555556
0
0
0
0
0
0
0
0
0
0
13.88888889
58.33333333
297.2222222
363.8888889
300
230.5555556
88.88888889
238.8888889
355.5555556
302.7777778
238.8888889
125
72.22222222
8.333333333
0
0
0
0
0
0
0
0
0
0
33.33333333
80.55555556
244.4444444
405.5555556
344.4444444
394.4444444
380.5555556
361.1111111
358.3333333
236.1111111
238.8888889
133.3333333
66.66666667
5.555555556
0
0
0
0
0
0
0
0
0
0
25
88.88888889
297.2222222
333.3333333
386.1111111
491.6666667
366.6666667
422.2222222
283.3333333
336.1111111
355.5555556
130.5555556
61.11111111
8.333333333
0
0
0
0
0
0
0
0
0
0
13.88888889
75
138.8888889
238.8888889
241.6666667
263.8888889
458.3333333
594.4444444
258.3333333
183.3333333
236.1111111
136.1111111
41.66666667
2.777777778
0
0
0
0
0
0
0
0
0
0
25
83.33333333
97.22222222
91.66666667
194.4444444
333.3333333
402.7777778
452.7777778
394.4444444
138.8888889
61.11111111
72.22222222
19.44444444
0
0
0
0
0
0
0
0
0
0
0
38.88888889
86.11111111
122.2222222
150
144.4444444
141.6666667
166.6666667
250
238.8888889
75
50
119.4444444
61.11111111
5.555555556
0
0
0
0
0
0
0
0
0
0
38.88888889
166.6666667
202.7777778
266.6666667
272.2222222
413.8888889
291.6666667
325
552.7777778
361.1111111
244.4444444
152.7777778
80.55555556
13.88888889
0
0
0
0
0
0
0
0
0
0
52.77777778
127.7777778
211.1111111
213.8888889
263.8888889
397.2222222
447.2222222
458.3333333
330.5555556
244.4444444
136.1111111
125
66.66666667
5.555555556
0
0
0
0
0
0
0
0
0
0
36.11111111
144.4444444
258.3333333
316.6666667
363.8888889
372.2222222
425
452.7777778
463.8888889
408.3333333
236.1111111
125
44.44444444
5.555555556
0
0
0
0
0
0
0
0
0
0
25
102.7777778
297.2222222
275
380.5555556
375
338.8888889
461.1111111
405.5555556
388.8888889
180.5555556
130.5555556
58.33333333
8.333333333
0
0
0
0
0
0
0
0
0
0
41.66666667
113.8888889
227.7777778
208.3333333
244.4444444
158.3333333
108.3333333
202.7777778
230.5555556
286.1111111
202.7777778
200
111.1111111
13.88888889
0
0
0
0
0
0
0
0
0
0
44.44444444
125
152.7777778
150
122.2222222
150
297.2222222
175
169.4444444
236.1111111
180.5555556
186.1111111
63.88888889
11.11111111
0
0
0
0
0
0
0
0
0
0
50
122.2222222
144.4444444
272.2222222
297.2222222
233.3333333
169.4444444
222.2222222
366.6666667
313.8888889
280.5555556
213.8888889
119.4444444
11.11111111
0
0
0
0
0
0
0
0
0
0
47.22222222
111.1111111
188.8888889
269.4444444
361.1111111
283.3333333
172.2222222
150
136.1111111
136.1111111
141.6666667
116.6666667
69.44444444
8.333333333
0
0
0
0
0
0
0
0
0
0
52.77777778
147.2222222
238.8888889
322.2222222
386.1111111
519.4444444
441.6666667
233.3333333
58.33333333
141.6666667
358.3333333
208.3333333
83.33333333
8.333333333
0
0
0
0
0
0
0
0
0
0
44.44444444
136.1111111
161.1111111
161.1111111
244.4444444
438.8888889
461.1111111
411.1111111
380.5555556
288.8888889
269.4444444
227.7777778
122.2222222
22.22222222
0
0
0
0
0
0
0
0
0
0
47.22222222
133.3333333
188.8888889
275
241.6666667
177.7777778
319.4444444
394.4444444
350
211.1111111
211.1111111
200
88.88888889
11.11111111
0
0
0
0
0
0
0
0
0
0
52.77777778
116.6666667
155.5555556
147.2222222
183.3333333
341.6666667
375
430.5555556
352.7777778
263.8888889
158.3333333
88.88888889
55.55555556
8.333333333
0
0
0
0
0
0
0
0
0
0
33.33333333
91.66666667
144.4444444
147.2222222
211.1111111
436.1111111
205.5555556
269.4444444
219.4444444
200
161.1111111
122.2222222
97.22222222
13.88888889
0
0
0
0
0
0
0
0
0
0
30.55555556
111.1111111
127.7777778
175
191.6666667
227.7777778
255.5555556
172.2222222
141.6666667
197.2222222
211.1111111
133.3333333
75
13.88888889
0
0
0
0
0
0
0
0
0
0
38.88888889
97.22222222
116.6666667
211.1111111
236.1111111
136.1111111
155.5555556
322.2222222
361.1111111
319.4444444
222.2222222
163.8888889
125
22.22222222
0
0
0
0
0
0
0
0
0
0
33.33333333
72.22222222
108.3333333
130.5555556
136.1111111
116.6666667
116.6666667
136.1111111
127.7777778
166.6666667
144.4444444
119.4444444
66.66666667
11.11111111
0
0
0
0
0
0
0
0
0
0
30.55555556
83.33333333
111.1111111
158.3333333
150
125
233.3333333
186.1111111
158.3333333
94.44444444
80.55555556
75
50
11.11111111
0
0
0
0
0
0
0
0
0
0
30.55555556
55.55555556
80.55555556
75
80.55555556
88.88888889
97.22222222
102.7777778
77.77777778
80.55555556
236.1111111
197.2222222
88.88888889
13.88888889
0
0
0
0
0
0
0
0
0
0
25
66.66666667
158.3333333
105.5555556
133.3333333
305.5555556
158.3333333
175
166.6666667
161.1111111
180.5555556
152.7777778
86.11111111
13.88888889
0
0
0
0
0
0
0
0
0
0
27.77777778
102.7777778
166.6666667
294.4444444
250
275
258.3333333
144.4444444
133.3333333
158.3333333
202.7777778
155.5555556
94.44444444
16.66666667
0
0
0
0
0
0
0
0
0
0
41.66666667
86.11111111
111.1111111
105.5555556
125
108.3333333
116.6666667
163.8888889
141.6666667
80.55555556
77.77777778
63.88888889
50
11.11111111
0
0
0
0
0
0
0
0
0
0
30.55555556
94.44444444
222.2222222
247.2222222
302.7777778
402.7777778
461.1111111
419.4444444
413.8888889
327.7777778
77.77777778
63.88888889
50
11.11111111
0
0
0
0
0
0
0
0
0
0
30.55555556
94.44444444
222.2222222
247.2222222
302.7777778
402.7777778
461.1111111
419.4444444
413.8888889
327.7777778
77.77777778
63.88888889
50
11.11111111
0
0
0
0
0
0
0
0
0
0
30.55555556
94.44444444
222.2222222
247.2222222
422.2222222
416.6666667
452.7777778
455.5555556
441.6666667
386.1111111
280.5555556
200
102.7777778
13.88888889
0
0
0
0
0
0
0
0
0
0
27.77777778
97.22222222
211.1111111
308.3333333
300
363.8888889
411.1111111
375
363.8888889
352.7777778
322.2222222
222.2222222
108.3333333
13.88888889
0
0
0
0
0
0
0
0
0
0
25
91.66666667
163.8888889
200
252.7777778
141.6666667
233.3333333
200
152.7777778
119.4444444
136.1111111
169.4444444
58.33333333
11.11111111
0
0
0
0
0
0
0
0
0
0
38.88888889
91.66666667
152.7777778
194.4444444
200
200
275
230.5555556
208.3333333
236.1111111
177.7777778
141.6666667
97.22222222
16.66666667
0
0
0
0
0
0
0
0
0
0
36.11111111
91.66666667
141.6666667
175
175
116.6666667
177.7777778
222.2222222
233.3333333
138.8888889
113.8888889
94.44444444
50
16.66666667
0
0
0
0
0
0
0
0
0
0
36.11111111
77.77777778
125
133.3333333
122.2222222
177.7777778
275
155.5555556
125
247.2222222
202.7777778
108.3333333
88.88888889
11.11111111
0
0
0
0
0
0
0
0
0
0
30.55555556
72.22222222
119.4444444
169.4444444
236.1111111
241.6666667
127.7777778
80.55555556
130.5555556
88.88888889
94.44444444
94.44444444
52.77777778
11.11111111
0
0
0
0
0
0
0
0
0
0
33.33333333
83.33333333
111.1111111
130.5555556
108.3333333
272.2222222
194.4444444
133.3333333
188.8888889
113.8888889
94.44444444
161.1111111
83.33333333
11.11111111
0
0
0
0
0
0
0
0
0
0
33.33333333
105.5555556
97.22222222
116.6666667
72.22222222
133.3333333
172.2222222
111.1111111
108.3333333
80.55555556
69.44444444
66.66666667
47.22222222
11.11111111
0
0
0
0
0
0
0
0
0
0
30.55555556
83.33333333
100
186.1111111
177.7777778
119.4444444
241.6666667
305.5555556
144.4444444
227.7777778
169.4444444
88.88888889
55.55555556
8.333333333
0
0
0
0
0
0
0
0
0
0
30.55555556
61.11111111
141.6666667
163.8888889
116.6666667
180.5555556
194.4444444
166.6666667
125
141.6666667
155.5555556
136.1111111
63.88888889
13.88888889
0
0
0
0
0
0
0
0
0
0
22.22222222
66.66666667
177.7777778
219.4444444
275
275
272.2222222
341.6666667
302.7777778
222.2222222
180.5555556
144.4444444
88.88888889
13.88888889
0
0
0
0
0
0
0
0
0
0
30.55555556
83.33333333
152.7777778
150
261.1111111
250
247.2222222
183.3333333
244.4444444
127.7777778
186.1111111
88.88888889
102.7777778
11.11111111
0
0
0
0
0
0
0
0
0
0
33.33333333
122.2222222
222.2222222
322.2222222
361.1111111
352.7777778
494.4444444
330.5555556
236.1111111
161.1111111
186.1111111
88.88888889
102.7777778
11.11111111
0
0
0
0
0
0
0
0
0
0
33.33333333
122.2222222
222.2222222
322.2222222
361.1111111
336.1111111
494.4444444
380.5555556
175
327.7777778
208.3333333
144.4444444
52.77777778
5.555555556
0
0
0
0
0
0
0
0
0
0
36.11111111
155.5555556
250
269.4444444
313.8888889
238.8888889
213.8888889
250
258.3333333
255.5555556
191.6666667
138.8888889
52.77777778
8.333333333
0
0
0
0
0
0
0
0
0
0
19.44444444
58.33333333
247.2222222
319.4444444
455.5555556
500
600
583.3333333
197.2222222
172.2222222
177.7777778
125
77.77777778
8.333333333
0
0
0
0
0
0
0
0
0
0
25
113.8888889
180.5555556
116.6666667
144.4444444
100
86.11111111
80.55555556
86.11111111
75
69.44444444
66.66666667
72.22222222
13.88888889
0
0
0
0
0
0
0
0
0
0
19.44444444
86.11111111
150
177.7777778
197.2222222
266.6666667
302.7777778
336.1111111
316.6666667
225
205.5555556
175
133.3333333
22.22222222
0
0
0
0
0
0
0
0
0
0
44.44444444
97.22222222
169.4444444
300
300
283.3333333
344.4444444
280.5555556
227.7777778
269.4444444
186.1111111
77.77777778
61.11111111
8.333333333
0
0
0
0
0
0
0
0
0
0
19.44444444
58.33333333
97.22222222
125
152.7777778
263.8888889
250
241.6666667
283.3333333
197.2222222
119.4444444
147.2222222
83.33333333
13.88888889
0
0
0
0
0
0
0
0
0
0
25
147.2222222
219.4444444
302.7777778
419.4444444
380.5555556
419.4444444
438.8888889
350
286.1111111
197.2222222
100
55.55555556
8.333333333
0
0
0
0
0
0
0
0
0
0
11.11111111
141.6666667
255.5555556
294.4444444
408.3333333
477.7777778
450
458.3333333
316.6666667
277.7777778
158.3333333
133.3333333
86.11111111
11.11111111
0
0
0
0
0
0
0
0
0
0
19.44444444
91.66666667
113.8888889
166.6666667
280.5555556
255.5555556
372.2222222
347.2222222
391.6666667
319.4444444
266.6666667
102.7777778
41.66666667
2.777777778
0
0
0
0
0
0
0
0
0
0
25
130.5555556
219.4444444
358.3333333
413.8888889
438.8888889
505.5555556
450
494.4444444
302.7777778
211.1111111
116.6666667
77.77777778
11.11111111
0
0
0
0
0
0
0
0
0
0
22.22222222
111.1111111
247.2222222
280.5555556
375
466.6666667
397.2222222
422.2222222
413.8888889
352.7777778
286.1111111
172.2222222
86.11111111
8.333333333
0
0
0
0
0
0
0
0
0
0
19.44444444
94.44444444
133.3333333
202.7777778
341.6666667
341.6666667
466.6666667
522.2222222
347.2222222
136.1111111
83.33333333
130.5555556
69.44444444
8.333333333
0
0
0
0
0
0
0
0
0
0
16.66666667
72.22222222
169.4444444
233.3333333
230.5555556
369.4444444
311.1111111
300
269.4444444
194.4444444
219.4444444
155.5555556
61.11111111
5.555555556
0
0
0
0
0
0
0
0
0
0
16.66666667
80.55555556
102.7777778
175
205.5555556
302.7777778
369.4444444
405.5555556
266.6666667
244.4444444
163.8888889
100
58.33333333
5.555555556
0
0
0
0
0
0
0
0
0
0
25
108.3333333
194.4444444
275
283.3333333
227.7777778
225
213.8888889
302.7777778
211.1111111
119.4444444
105.5555556
69.44444444
5.555555556
0
0
0
0
0
0
0
0
0
0
41.66666667
150
163.8888889
236.1111111
272.2222222
258.3333333
269.4444444
313.8888889
291.6666667
261.1111111
191.6666667
125
83.33333333
5.555555556
0
0
0
0
0
0
0
0
0
0
19.44444444
94.44444444
183.3333333
202.7777778
280.5555556
441.6666667
422.2222222
369.4444444
238.8888889
233.3333333
263.8888889
255.5555556
61.11111111
8.333333333
0
0
0
0
0
0
0
0
0
0
19.44444444
102.7777778
191.6666667
219.4444444
350
419.4444444
316.6666667
458.3333333
444.4444444
322.2222222
244.4444444
138.8888889
58.33333333
2.777777778
0
0
0
0
0
0
0
0
0
0
16.66666667
125
286.1111111
277.7777778
163.8888889
500
380.5555556
255.5555556
286.1111111
377.7777778
222.2222222
91.66666667
36.11111111
2.777777778
0
0
0
0
0
0
0
0
0
0
25
158.3333333
241.6666667
305.5555556
377.7777778
438.8888889
408.3333333
386.1111111
383.3333333
375
255.5555556
169.4444444
77.77777778
2.777777778
0
0
0
0
0
0
0
0
0
0
19.44444444
88.88888889
150
230.5555556
325
233.3333333
430.5555556
366.6666667
397.2222222
322.2222222
277.7777778
166.6666667
69.44444444
2.777777778
0
0
0
0
0
0
0
0
0
0
16.66666667
83.33333333
161.1111111
233.3333333
352.7777778
311.1111111
244.4444444
213.8888889
252.7777778
252.7777778
269.4444444
177.7777778
66.66666667
2.777777778
0
0
0
0
0
0
0
0
0
0
19.44444444
102.7777778
166.6666667
266.6666667
233.3333333
266.6666667
363.8888889
416.6666667
341.6666667
269.4444444
233.3333333
163.8888889
69.44444444
5.555555556
0
0
0
0
0
0
0
0
0
0
19.44444444
94.44444444
150
258.3333333
297.2222222
102.7777778
100
105.5555556
52.77777778
33.33333333
25
25
11.11111111
0
0
0
0
0
0
0
0
0
0
0
8.333333333
19.44444444
50
102.7777778
308.3333333
469.4444444
477.7777778
552.7777778
483.3333333
394.4444444
219.4444444
108.3333333
36.11111111
2.777777778
0
0
0
0
0
0
0
0
0
0
16.66666667
83.33333333
108.3333333
136.1111111
291.6666667
372.2222222
336.1111111
186.1111111
163.8888889
141.6666667
127.7777778
72.22222222
41.66666667
2.777777778
0
0
0
0
0
0
0
0
0
0
19.44444444
127.7777778
202.7777778
238.8888889
247.2222222
183.3333333
188.8888889
247.2222222
347.2222222
397.2222222
233.3333333
133.3333333
44.44444444
2.777777778
0
0
0
0
0
0
0
0
0
0
16.66666667
83.33333333
125
127.7777778
163.8888889
205.5555556
180.5555556
225
255.5555556
216.6666667
144.4444444
113.8888889
38.88888889
2.777777778
0
0
0
0
0
0
0
0
0
0
13.88888889
58.33333333
77.77777778
77.77777778
150
75
72.22222222
66.66666667
66.66666667
66.66666667
63.88888889
55.55555556
36.11111111
2.777777778
0
0
0
0
0
0
0
0
0
0
13.88888889
47.22222222
75
97.22222222
91.66666667
83.33333333
102.7777778
180.5555556
286.1111111
261.1111111
161.1111111
58.33333333
33.33333333
2.777777778
0
0
0
0
0
0
0
0
0
0
13.88888889
52.77777778
130.5555556
127.7777778
113.8888889
127.7777778
155.5555556
250
216.6666667
141.6666667
130.5555556
125
44.44444444
2.777777778
0
0
0
0
0
0
0
0
0
0
13.88888889
38.88888889
86.11111111
86.11111111
88.88888889
77.77777778
88.88888889
94.44444444
83.33333333
75
119.4444444
63.88888889
44.44444444
2.777777778
0
0
0
0
0
0
0
0
0
0
13.88888889
47.22222222
69.44444444
66.66666667
72.22222222
75
80.55555556
91.66666667
141.6666667
119.4444444
80.55555556
58.33333333
33.33333333
2.777777778
0
0
0
0
0
0
0
0
0
0
11.11111111
66.66666667
72.22222222
166.6666667
194.4444444
116.6666667
102.7777778
130.5555556
208.3333333
80.55555556
66.66666667
72.22222222
38.88888889
2.777777778
0
0
0
0
0
0
0
0
0
0
11.11111111
41.66666667
94.44444444
169.4444444
86.11111111
152.7777778
133.3333333
127.7777778
133.3333333
88.88888889
69.44444444
52.77777778
30.55555556
2.777777778
0
0
0
0
0
0
0
0
0
0
11.11111111
55.55555556
100
77.77777778
144.4444444
83.33333333
116.6666667
94.44444444
80.55555556
83.33333333
75
55.55555556
22.22222222
2.777777778
0
0
0
0
0
0
0
0
0
0
16.66666667
138.8888889
130.5555556
219.4444444
183.3333333
88.88888889
83.33333333
127.7777778
158.3333333
75
66.66666667
52.77777778
30.55555556
2.777777778
0
0
0
0
0
0
0
0
0
0
16.66666667
63.88888889
88.88888889
136.1111111
166.6666667
319.4444444
172.2222222
172.2222222
188.8888889
144.4444444
227.7777778
97.22222222
36.11111111
0
0
0
0
0
0
0
0
0
0
0
8.333333333
47.22222222
72.22222222
75
77.77777778
88.88888889
125
255.5555556
311.1111111
277.7777778
202.7777778
111.1111111
47.22222222
0
0
0
0
0
0
0
0
0
0
0
11.11111111
61.11111111
88.88888889
75
94.44444444
86.11111111
108.3333333
122.2222222
166.6666667
266.6666667
88.88888889
102.7777778
38.88888889
0
0
0
0
0
0
0
0
0
0
0
11.11111111
69.44444444
97.22222222
102.7777778
108.3333333
125
147.2222222
219.4444444
316.6666667
163.8888889
177.7777778
208.3333333
30.55555556
0
0
0
0
0
0
0
0
0
0
0
8.333333333
58.33333333
72.22222222
83.33333333
100
116.6666667
102.7777778
113.8888889
177.7777778
194.4444444
163.8888889
102.7777778
44.44444444
0
0
0
0
0
0
0
0
0
0
0
11.11111111
58.33333333
108.3333333
177.7777778
155.5555556
308.3333333
325
202.7777778
247.2222222
136.1111111
136.1111111
58.33333333
27.77777778
0
0
0
0
0
0
0
0
0
0
0
11.11111111
55.55555556
100
147.2222222
219.4444444
127.7777778
169.4444444
202.7777778
261.1111111
180.5555556
136.1111111
122.2222222
19.44444444
0
0
0
0
0
0
0
0
0
0
0
8.333333333
52.77777778
97.22222222
83.33333333
186.1111111
275
247.2222222
269.4444444
291.6666667
205.5555556
125
102.7777778
69.44444444
0
0
0
0
0
0
0
0
0
0
0
11.11111111
105.5555556
94.44444444
133.3333333
208.3333333
241.6666667
244.4444444
180.5555556
119.4444444
133.3333333
113.8888889
119.4444444
33.33333333
0
0
0
0
0
0
0
0
0
0
0
19.44444444
105.5555556
169.4444444
194.4444444
180.5555556
208.3333333
258.3333333
197.2222222
361.1111111
258.3333333
244.4444444
127.7777778
44.44444444
0
0
0
0
0
0
0
0
0
0
0
11.11111111
111.1111111
233.3333333
202.7777778
336.1111111
452.7777778
461.1111111
344.4444444
316.6666667
269.4444444
277.7777778
183.3333333
22.22222222
0
0
0
0
0
0
0
0
0
0
0
8.333333333
61.11111111
127.7777778
222.2222222
350
366.6666667
352.7777778
369.4444444
261.1111111
247.2222222
197.2222222
94.44444444
38.88888889
0
0
0
0
0
0
0
0
0
0
0
11.11111111
63.88888889
125
166.6666667
202.7777778
188.8888889
333.3333333
261.1111111
261.1111111
219.4444444
163.8888889
88.88888889
19.44444444
0
0
0
0
0
0
0
0
0
0
0
8.333333333
72.22222222
75
75
80.55555556
94.44444444
127.7777778
147.2222222
186.1111111
125
230.5555556
88.88888889
33.33333333
0
0
0
0
0
0
0
0
0
0
0
8.333333333
50
111.1111111
127.7777778
136.1111111
144.4444444
200
305.5555556
330.5555556
238.8888889
180.5555556
136.1111111
30.55555556
0
0
0
0
0
0
0
0
0
0
0
8.333333333
102.7777778
127.7777778
125
238.8888889
330.5555556
216.6666667
152.7777778
219.4444444
166.6666667
102.7777778
94.44444444
16.66666667
0
0
0
0
0
0
0
0
0
0
0
8.333333333
61.11111111
116.6666667
186.1111111
116.6666667
166.6666667
211.1111111
180.5555556
383.3333333
225
141.6666667
88.88888889
30.55555556
0
0
0
0
0
0
0
0
0
0
0
8.333333333
58.33333333
119.4444444
202.7777778
244.4444444
147.2222222
205.5555556
183.3333333
133.3333333
105.5555556
88.88888889
66.66666667
22.22222222
0
0
0
0
0
0
0
0
0
0
0
8.333333333
52.77777778
80.55555556
122.2222222
233.3333333
358.3333333
308.3333333
250
261.1111111
188.8888889
127.7777778
102.7777778
19.44444444
0
0
0
0
0
0
0
0
0
0
0
11.11111111
75
88.88888889
147.2222222
166.6666667
136.1111111
122.2222222
152.7777778
225
222.2222222
194.4444444
116.6666667
25
0
0
0
0
0
0
0
0
0
0
0
2.777777778
25
58.33333333
122.2222222
269.4444444
433.3333333
550
391.6666667
302.7777778
144.4444444
116.6666667
105.5555556
13.88888889
0
0
0
0
0
0
0
0
0
0
0
11.11111111
83.33333333
133.3333333
241.6666667
327.7777778
216.6666667
241.6666667
388.8888889
386.1111111
311.1111111
211.1111111
136.1111111
11.11111111
0
0
0
0
0
0
0
0
0
0
0
8.333333333
77.77777778
191.6666667
280.5555556
311.1111111
411.1111111
416.6666667
377.7777778
275
186.1111111
138.8888889
55.55555556
11.11111111
0
0
0
0
0
0
0
0
0
0
0
2.777777778
61.11111111
150
266.6666667
383.3333333
425
269.4444444
425
533.3333333
327.7777778
177.7777778
75
5.555555556
0
0
0
0
0
0
0
0
0
0
0
5.555555556
91.66666667
166.6666667
175
286.1111111
344.4444444
252.7777778
177.7777778
288.8888889
247.2222222
194.4444444
111.1111111
11.11111111
0
0
0
0
0
0
0
0
0
0
0
8.333333333
52.77777778
88.88888889
130.5555556
247.2222222
125
116.6666667
94.44444444
97.22222222
86.11111111
80.55555556
61.11111111
13.88888889
0
0
0
0
0
0
0
0
0
0
0
8.333333333
52.77777778
86.11111111
125
158.3333333
133.3333333
147.2222222
175
186.1111111
222.2222222
211.1111111
61.11111111
8.333333333
0
0
0
0
0
0
0
0
0
0
0
2.777777778
22.22222222
58.33333333
277.7777778
333.3333333
200
227.7777778
202.7777778
200
163.8888889
116.6666667
75
19.44444444
0
0
0
0
0
0
0
0
0
0
0
8.333333333
66.66666667
122.2222222
216.6666667
272.2222222
297.2222222
366.6666667
319.4444444
241.6666667
202.7777778
147.2222222
83.33333333
13.88888889
0
0
0
0
0
0
0
0
0
0
0
8.333333333
69.44444444
122.2222222
177.7777778
252.7777778
222.2222222
222.2222222
211.1111111
150
125
113.8888889
83.33333333
13.88888889
0
0
0
0
0
0
0
0
0
0
0
5.555555556
72.22222222
166.6666667
255.5555556
208.3333333
230.5555556
430.5555556
333.3333333
325
236.1111111
138.8888889
86.11111111
13.88888889
0
0
0
0
0
0
0
0
0
0
0
5.555555556
80.55555556
136.1111111
277.7777778
272.2222222
330.5555556
333.3333333
302.7777778
327.7777778
258.3333333
213.8888889
88.88888889
11.11111111
0
0
0
0
0
0
0
0
0
0
0
5.555555556
52.77777778
188.8888889
294.4444444
269.4444444
330.5555556
361.1111111
350
233.3333333
216.6666667
141.6666667
80.55555556
8.333333333
0
0
0
0
0
0
0
0
0
0
0
5.555555556
111.1111111
225
261.1111111
355.5555556
341.6666667
347.2222222
341.6666667
330.5555556
272.2222222
163.8888889
108.3333333
13.88888889
0
0
0
0
0
0
0
0
0
0
0
5.555555556
58.33333333
136.1111111
144.4444444
183.3333333
205.5555556
308.3333333
341.6666667
316.6666667
261.1111111
172.2222222
72.22222222
5.555555556
0
0
0
0
0
0
0
0
0
0
0
2.777777778
66.66666667
155.5555556
250
327.7777778
391.6666667
425
366.6666667
408.3333333
280.5555556
219.4444444
102.7777778
11.11111111
0
0
0
0
0
0
0
0
0
0
0
2.777777778
113.8888889
183.3333333
238.8888889
180.5555556
225
163.8888889
130.5555556
163.8888889
113.8888889
133.3333333
61.11111111
5.555555556
0
0
0
0
0
0
0
0
0
0
0
5.555555556
80.55555556
183.3333333
288.8888889
300
325
355.5555556
297.2222222
308.3333333
255.5555556
136.1111111
66.66666667
5.555555556
0
0
0
0
0
0
0
0
0
0
0
2.777777778
86.11111111
158.3333333
275
258.3333333
258.3333333
338.8888889
350
300
241.6666667
163.8888889
72.22222222
5.555555556
0
0
0
0
0
0
0
0
0
0
0
0
86.11111111
144.4444444
141.6666667
147.2222222
275
400
363.8888889
313.8888889
277.7777778
161.1111111
83.33333333
2.777777778
0
0
0
0
0
0
0
0
0
0
0
2.777777778
75
188.8888889
302.7777778
308.3333333
394.4444444
416.6666667
366.6666667
313.8888889
261.1111111
152.7777778
52.77777778
5.555555556
0
0
0
0
0
0
0
0
0
0
0
2.777777778
94.44444444
205.5555556
316.6666667
400
372.2222222
391.6666667
380.5555556
302.7777778
227.7777778
144.4444444
77.77777778
8.333333333
0
0
0
0
0
0
0
0
0
0
0
0
69.44444444
88.88888889
80.55555556
133.3333333
222.2222222
277.7777778
313.8888889
158.3333333
166.6666667
119.4444444
19.44444444
2.777777778
0
0
0
0
0
0
0
0
0
0
0
0
27.77777778
58.33333333
113.8888889
97.22222222
311.1111111
455.5555556
313.8888889
172.2222222
183.3333333
133.3333333
30.55555556
2.777777778
0
0
0
0
0
0
0
0
0
0
0
2.777777778
72.22222222
188.8888889
191.6666667
208.3333333
222.2222222
252.7777778
261.1111111
319.4444444
275
163.8888889
75
5.555555556
0
0
0
0
0
0
0
0
0
0
0
2.777777778
91.66666667
216.6666667
238.8888889
261.1111111
322.2222222
336.1111111
344.4444444
311.1111111
244.4444444
194.4444444
75
5.555555556
0
0
0
0
0
0
0
0
0
0
0
0
61.11111111
119.4444444
166.6666667
244.4444444
269.4444444
263.8888889
261.1111111
269.4444444
175
136.1111111
52.77777778
2.777777778
0
0
0
0
0
0
0
0
0
0
0
2.777777778
52.77777778
119.4444444
180.5555556
272.2222222
230.5555556
283.3333333
236.1111111
252.7777778
211.1111111
91.66666667
50
2.777777778
0
0
0
0
0
0
0
0
0
0
0
2.777777778
36.11111111
147.2222222
316.6666667
333.3333333
333.3333333
338.8888889
380.5555556
336.1111111
327.7777778
116.6666667
58.33333333
2.777777778
0
0
0
0
0
0
0
0
0
0
0
2.777777778
77.77777778
125
208.3333333
230.5555556
200
319.4444444
222.2222222
177.7777778
219.4444444
150
41.66666667
2.777777778
0
0
0
0
0
0
0
0
0
0
0
2.777777778
58.33333333
130.5555556
150
150
136.1111111
138.8888889
130.5555556
155.5555556
261.1111111
211.1111111
69.44444444
2.777777778
0
0
0
0
0
0
0
0
0
0
0
0
30.55555556
97.22222222
280.5555556
322.2222222
377.7777778
444.4444444
447.2222222
344.4444444
208.3333333
172.2222222
69.44444444
2.777777778
0
0
0
0
0
0
0
0
0
0
0
0
47.22222222
169.4444444
313.8888889
358.3333333
413.8888889
383.3333333
372.2222222
427.7777778
325
163.8888889
38.88888889
2.777777778
0
0
0
0
0
0
0
0
0
0
0
5.555555556
141.6666667
161.1111111
188.8888889
158.3333333
108.3333333
88.88888889
266.6666667
83.33333333
55.55555556
125
38.88888889
0
0
0
0
0
0
0
0
0
0
0
0
2.777777778
61.11111111
111.1111111
141.6666667
241.6666667
288.8888889
294.4444444
227.7777778
333.3333333
280.5555556
163.8888889
55.55555556
2.777777778
0
0
0
0
0
0
0
0
0
0
0
2.777777778
52.77777778
100
136.1111111
186.1111111
188.8888889
175
136.1111111
141.6666667
122.2222222
91.66666667
38.88888889
0
0
0
0
0
0
0
0
0
0
0
0
2.777777778
77.77777778
166.6666667
241.6666667
288.8888889
316.6666667
291.6666667
241.6666667
252.7777778
236.1111111
169.4444444
44.44444444
0
0
0
0
0
0
0
0
0
0
0
0
2.777777778
55.55555556
116.6666667
147.2222222
136.1111111
166.6666667
266.6666667
319.4444444
250
202.7777778
105.5555556
33.33333333
0
0
0
0
0
0
0
0
0
0
0
0
2.777777778
66.66666667
227.7777778
219.4444444
147.2222222
236.1111111
277.7777778
363.8888889
386.1111111
280.5555556
166.6666667
44.44444444
2.777777778
0
0
0
0
0
0
0
0
0
0
0
2.777777778
50
144.4444444
161.1111111
225
313.8888889
338.8888889
338.8888889
302.7777778
277.7777778
161.1111111
50
0
0
0
0
0
0
0
0
0
0
0
0
2.777777778
58.33333333
144.4444444
230.5555556
244.4444444
230.5555556
247.2222222
286.1111111
266.6666667
158.3333333
119.4444444
50
0
0
0
0
0
0
0
0
0
0
0
0
2.777777778
47.22222222
91.66666667
105.5555556
180.5555556
297.2222222
222.2222222
219.4444444
180.5555556
222.2222222
113.8888889
41.66666667
0
0
0
0
0
0
0
0
0
0
0
0
2.777777778
47.22222222
130.5555556
216.6666667
297.2222222
194.4444444
252.7777778
75
63.88888889
133.3333333
94.44444444
33.33333333
0
0
0
0
0
0
0
0
0
0
0
0
2.777777778
41.66666667
75
169.4444444
230.5555556
327.7777778
294.4444444
344.4444444
227.7777778
158.3333333
158.3333333
36.11111111
0
0
0
0
0
0
0
0
0
0
0
0
2.777777778
38.88888889
86.11111111
186.1111111
169.4444444
200
275
422.2222222
172.2222222
161.1111111
125
33.33333333
0
0
0
0
0
0
0
0
0
0
0
0
0
11.11111111
27.77777778
47.22222222
116.6666667
41.66666667
144.4444444
150
169.4444444
136.1111111
97.22222222
5.555555556
0
0
0
0
0
0
0
0
0
0
0
0
0
50
100
172.2222222
263.8888889
247.2222222
241.6666667
241.6666667
227.7777778
141.6666667
94.44444444
38.88888889
0
0
0
0
0
0
0
0
0
0
0
0
0
58.33333333
91.66666667
144.4444444
163.8888889
125
105.5555556
163.8888889
141.6666667
152.7777778
100
38.88888889
0
0
0
0
0
0
0
0
0
0
0
0
0
41.66666667
88.88888889
169.4444444
211.1111111
227.7777778
166.6666667
161.1111111
158.3333333
102.7777778
75
30.55555556
0
0
0
0
0
0
0
0
0
0
0
0
0
38.88888889
102.7777778
205.5555556
216.6666667
297.2222222
352.7777778
347.2222222
263.8888889
186.1111111
152.7777778
61.11111111
0
0
0
0
0
0
0
0
0
0
0
0
0
41.66666667
86.11111111
97.22222222
108.3333333
130.5555556
158.3333333
158.3333333
169.4444444
175
97.22222222
36.11111111
0
0
0
0
0
0
0
0
0
0
0
0
0
55.55555556
183.3333333
250
255.5555556
305.5555556
277.7777778
350
241.6666667
272.2222222
119.4444444
22.22222222
0
0
0
0
0
0
0
0
0
0
0
0
0
25
97.22222222
138.8888889
119.4444444
166.6666667
219.4444444
194.4444444
208.3333333
169.4444444
108.3333333
27.77777778
0
0
0
0
0
0
0
0
0
0
0
0
0
25
111.1111111
216.6666667
313.8888889
302.7777778
313.8888889
283.3333333
263.8888889
216.6666667
125
41.66666667
0
0
0
0
0
0
0
0
0
0
0
0
0
47.22222222
102.7777778
183.3333333
238.8888889
233.3333333
250
252.7777778
294.4444444
191.6666667
77.77777778
5.555555556
0
0
0
0
0
0
0
0
0
0
0
0
0
8.333333333
13.88888889
38.88888889
58.33333333
83.33333333
88.88888889
113.8888889
72.22222222
66.66666667
11.11111111
5.555555556
0
0
0
0
0
0
0
0
0
0
0
0
0
5.555555556
27.77777778
125
177.7777778
200
138.8888889
219.4444444
113.8888889
86.11111111
86.11111111
27.77777778
0
0
0
0
0
0
0
0
0
0
0
0
0
36.11111111
108.3333333
252.7777778
355.5555556
336.1111111
444.4444444
361.1111111
211.1111111
263.8888889
122.2222222
30.55555556
0
0
0
0
0
0
0
0
0
0
0
0
0
5.555555556
55.55555556
94.44444444
322.2222222
308.3333333
291.6666667
213.8888889
227.7777778
163.8888889
102.7777778
5.555555556
0
0
0
0
0
0
0
0
0
0
0
0
0
13.88888889
63.88888889
116.6666667
183.3333333
191.6666667
244.4444444
255.5555556
172.2222222
130.5555556
77.77777778
19.44444444
0
0
0
0
0
0
0
0
0
0
0
0
0
16.66666667
50
127.7777778
247.2222222
311.1111111
300
219.4444444
191.6666667
119.4444444
47.22222222
19.44444444
0
0
0
0
0
0
0
0
0
0
0
0
0
47.22222222
119.4444444
194.4444444
325
313.8888889
308.3333333
291.6666667
272.2222222
213.8888889
122.2222222
30.55555556
0
0
0
0
0
0
0
0
0
0
0
0
0
30.55555556
91.66666667
144.4444444
213.8888889
247.2222222
247.2222222
286.1111111
219.4444444
141.6666667
97.22222222
22.22222222
0
0
0
0
0
0
0
0
0
0
0
0
0
27.77777778
119.4444444
197.2222222
369.4444444
438.8888889
288.8888889
344.4444444
300
163.8888889
30.55555556
8.333333333
0
0
0
0
0
0
0
0
0
0
0
0
0
11.11111111
97.22222222
200
194.4444444
197.2222222
247.2222222
111.1111111
200
197.2222222
130.5555556
36.11111111
0
0
0
0
0
0
0
0
0
0
0
0
0
27.77777778
75
130.5555556
138.8888889
222.2222222
213.8888889
161.1111111
113.8888889
152.7777778
102.7777778
30.55555556
0
0
0
0
0
0
0
0
0
0
0
0
0
33.33333333
97.22222222
116.6666667
127.7777778
177.7777778
125
138.8888889
122.2222222
122.2222222
100
30.55555556
0
0
0
0
0
0
0
0
0
0
0
0
0
25
83.33333333
163.8888889
175
241.6666667
191.6666667
111.1111111
225
252.7777778
108.3333333
30.55555556
0
0
0
0
0
0
0
0
0
0
0
0
0
27.77777778
108.3333333
127.7777778
263.8888889
250
288.8888889
311.1111111
163.8888889
122.2222222
125
33.33333333
0
0
0
0
0
0
0
0
0
0
0
0
0
16.66666667
133.3333333
144.4444444
305.5555556
361.1111111
252.7777778
241.6666667
255.5555556
200
38.88888889
11.11111111
0
0
0
0
0
0
0
0
0
0
0
0
0
25
66.66666667
88.88888889
113.8888889
136.1111111
255.5555556
375
288.8888889
225
94.44444444
36.11111111
0
0
0
0
0
0
0
0
0
0
0
0
0
33.33333333
161.1111111
155.5555556
136.1111111
133.3333333
155.5555556
133.3333333
133.3333333
108.3333333
75
27.77777778
0
0
0
0
0
0
0
0
0
0
0
0
0
25
91.66666667
225
241.6666667
233.3333333
144.4444444
122.2222222
197.2222222
194.4444444
86.11111111
30.55555556
0
0
0
0
0
0
0
0
0
0
0
0
0
16.66666667
52.77777778
163.8888889
177.7777778
155.5555556
202.7777778
86.11111111
75
30.55555556
16.66666667
0
0
0
0
0
0
0
0
0
0
0
0
0
0
8.333333333
36.11111111
41.66666667
102.7777778
91.66666667
77.77777778
111.1111111
113.8888889
91.66666667
50
13.88888889
0
0
0
0
0
0
0
0
0
0
0
0
0
22.22222222
150
233.3333333
375
344.4444444
222.2222222
263.8888889
250
147.2222222
61.11111111
11.11111111
0
0
0
0
0
0
0
0
0
0
0
0
0
11.11111111
44.44444444
111.1111111
161.1111111
152.7777778
138.8888889
108.3333333
55.55555556
30.55555556
8.333333333
0
0
0
0
0
0
0
0
0
0
0
0
0
0
8.333333333
41.66666667
105.5555556
266.6666667
311.1111111
436.1111111
427.7777778
125
50
55.55555556
11.11111111
0
0
0
0
0
0
0
0
0
0
0
0
0
16.66666667
80.55555556
163.8888889
233.3333333
211.1111111
286.1111111
272.2222222
252.7777778
177.7777778
111.1111111
33.33333333
0
0
0
0
0
0
0
0
0
0
0
0
0
13.88888889
94.44444444
188.8888889
247.2222222
222.2222222
283.3333333
227.7777778
241.6666667
205.5555556
100
19.44444444
0
0
0
0
0
0
0
0
0
0
0
0
0
5.555555556
72.22222222
191.6666667
208.3333333
252.7777778
250
283.3333333
200
161.1111111
72.22222222
13.88888889
0
0
0
0
0
0
0
0
0
0
0
0
0
2.777777778
25
91.66666667
252.7777778
286.1111111
263.8888889
263.8888889
308.3333333
169.4444444
83.33333333
19.44444444
0
0
0
0
0
0
0
0
0
0
0
0
0
22.22222222
102.7777778
150
180.5555556
250
413.8888889
363.8888889
197.2222222
152.7777778
136.1111111
25
0
0
0
0
0
0
0
0
0
0
0
0
0
5.555555556
50
138.8888889
244.4444444
341.6666667
200
216.6666667
169.4444444
122.2222222
41.66666667
8.333333333
0
0
0
0
0
0
0
0
0
0
0
0
0
2.777777778
36.11111111
80.55555556
133.3333333
94.44444444
80.55555556
66.66666667
63.88888889
72.22222222
47.22222222
5.555555556
0
0
0
0
0
0
0
0
0
0
0
0
0
0
11.11111111
38.88888889
52.77777778
150
152.7777778
122.2222222
97.22222222
61.11111111
30.55555556
8.333333333
0
0
0
0
0
0
0
0
0
0
0
0
0
2.777777778
72.22222222
161.1111111
205.5555556
263.8888889
305.5555556
294.4444444
163.8888889
180.5555556
119.4444444
25
0
0
0
0
0
0
0
0
0
0
0
0
0
5.555555556
36.11111111
158.3333333
272.2222222
83.33333333
141.6666667
111.1111111
69.44444444
38.88888889
52.77777778
19.44444444
0
0
0
0
0
0
0
0
0
0
0
0
0
2.777777778
30.55555556
155.5555556
102.7777778
169.4444444
238.8888889
72.22222222
41.66666667
27.77777778
13.88888889
0
0
0
0
0
0
0
0
0
0
0
0
0
0
5.555555556
22.22222222
25
77.77777778
83.33333333
50
180.5555556
252.7777778
150
63.88888889
5.555555556
0
0
0
0
0
0
0
0
0
0
0
0
0
11.11111111
72.22222222
161.1111111
266.6666667
255.5555556
341.6666667
252.7777778
263.8888889
211.1111111
75
8.333333333
0
0
0
0
0
0
0
0
0
0
0
0
0
2.777777778
44.44444444
58.33333333
130.5555556
144.4444444
230.5555556
136.1111111
125
61.11111111
22.22222222
8.333333333
0
0
0
0
0
0
0
0
0
0
0
0
0
2.777777778
25
36.11111111
100
108.3333333
116.6666667
125
163.8888889
111.1111111
97.22222222
30.55555556
0
0
0
0
0
0
0
0
0
0
0
0
0
2.777777778
47.22222222
127.7777778
263.8888889
322.2222222
238.8888889
319.4444444
227.7777778
63.88888889
27.77777778
8.333333333
0
0
0
0
0
0
0
0
0
0
0
0
0
13.88888889
122.2222222
177.7777778
283.3333333
263.8888889
322.2222222
261.1111111
255.5555556
155.5555556
125
11.11111111
0
0
0
0
0
0
0
0
0
0
0
0
0
2.777777778
8.333333333
25
116.6666667
347.2222222
400
344.4444444
136.1111111
69.44444444
69.44444444
38.88888889
0
0
0
0
0
0
0
0
0
0
0
0
0
11.11111111
69.44444444
122.2222222
175
325
375
311.1111111
294.4444444
136.1111111
133.3333333
33.33333333
0
0
0
0
0
0
0
0
0
0
0
0
0
8.333333333
47.22222222
122.2222222
133.3333333
244.4444444
200
147.2222222
102.7777778
113.8888889
75
11.11111111
0
0
0
0
0
0
0
0
0
0
0
0
0
2.777777778
38.88888889
100
113.8888889
94.44444444
213.8888889
277.7777778
186.1111111
94.44444444
94.44444444
30.55555556
0
0
0
0
0
0
0
0
0
0
0
0
0
5.555555556
36.11111111
163.8888889
305.5555556
402.7777778
419.4444444
383.3333333
186.1111111
150
88.88888889
8.333333333
0
0
0
0
0
0
0
0
0
0
0
0
0
5.555555556
41.66666667
66.66666667
77.77777778
97.22222222
169.4444444
150
127.7777778
97.22222222
41.66666667
8.333333333
0
0
0
0
0
0
0
0
0
0
0
0
0
8.333333333
77.77777778
202.7777778
297.2222222
330.5555556
330.5555556
252.7777778
222.2222222
194.4444444
141.6666667
47.22222222
0
0
0
0
0
0
0
0
0
0
0
0
0
8.333333333
91.66666667
147.2222222
247.2222222
288.8888889
286.1111111
302.7777778
263.8888889
200
133.3333333
44.44444444
0
0
0
0
0
0
0
0
0
0
0
0
0
11.11111111
63.88888889
136.1111111
194.4444444
227.7777778
261.1111111
252.7777778
205.5555556
211.1111111
136.1111111
44.44444444
0
0
0
0
0
