0
0
0
0
0
0
0
0
19.44444444
294.4444444
522.2222222
672.2222222
744.4444444
780.5555556
775
733.3333333
647.2222222
455.5555556
152.7777778
0
0
0
0
0
0
0
0
0
0
0
0
0
0
2.777777778
183.3333333
86.11111111
111.1111111
400
752.7777778
738.8888889
627.7777778
505.5555556
216.6666667
0
0
0
0
0
0
0
0
0
0
0
0
0
0
0
0
13.88888889
0
69.44444444
8.333333333
5.555555556
0
0
0
0
0
0
0
0
0
0
0
0
0
0
0
0
0
16.66666667
8.333333333
8.333333333
47.22222222
41.66666667
13.88888889
0
16.66666667
25
19.44444444
0
0
0
0
0
0
0
0
0
0
0
0
0
2.777777778
208.3333333
350
530.5555556
491.6666667
550
591.6666667
633.3333333
575
388.8888889
211.1111111
0
0
0
0
0
0
0
0
0
0
0
0
0
11.11111111
180.5555556
36.11111111
486.1111111
877.7777778
877.7777778
861.1111111
811.1111111
680.5555556
450
113.8888889
0
0
0
0
0
0
0
0
0
0
0
0
0
27.77777778
327.7777778
569.4444444
691.6666667
761.1111111
791.6666667
783.3333333
752.7777778
675
525
230.5555556
2.777777778
0
0
0
0
0
0
0
0
0
0
0
0
33.33333333
366.6666667
602.7777778
730.5555556
777.7777778
800
775
688.8888889
638.8888889
344.4444444
2.777777778
0
0
0
0
0
0
0
0
0
0
0
0
0
0
0
0
16.66666667
0
0
0
0
0
0
0
0
0
0
0
0
0
0
0
0
0
0
0
0
0
22.22222222
30.55555556
25
0
544.4444444
686.1111111
380.5555556
5.555555556
0
2.777777778
0
0
0
0
0
0
0
0
0
0
0
0
0
19.44444444
319.4444444
513.8888889
513.8888889
630.5555556
702.7777778
763.8888889
519.4444444
675
622.2222222
244.4444444
0
0
0
0
0
0
0
0
0
0
0
0
0
0
27.77777778
161.1111111
622.2222222
377.7777778
613.8888889
827.7777778
136.1111111
36.11111111
0
0
0
0
0
0
0
0
0
0
0
0
0
0
0
0
2.777777778
2.777777778
2.777777778
0
0
0
161.1111111
5.555555556
0
0
0
0
0
0
0
0
0
0
0
0
0
0
0
0
0
0
0
0
0
0
0
0
0
0
0
0
0
0
0
0
0
0
0
0
0
0
0
5.555555556
0
183.3333333
386.1111111
827.7777778
691.6666667
622.2222222
466.6666667
472.2222222
130.5555556
80.55555556
0
0
0
0
0
0
0
0
0
0
0
0
0
0
2.777777778
80.55555556
2.777777778
0
344.4444444
813.8888889
811.1111111
213.8888889
286.1111111
183.3333333
0
0
0
0
0
0
0
0
0
0
0
0
0
0
16.66666667
197.2222222
791.6666667
844.4444444
419.4444444
252.7777778
588.8888889
611.1111111
650
297.2222222
2.777777778
0
0
0
0
0
0
0
0
0
0
0
0
11.11111111
361.1111111
558.3333333
341.6666667
138.8888889
502.7777778
75
238.8888889
288.8888889
22.22222222
11.11111111
0
0
0
0
0
0
0
0
0
0
0
0
0
0
2.777777778
33.33333333
555.5555556
458.3333333
380.5555556
297.2222222
552.7777778
500
644.4444444
150
2.777777778
0
0
0
0
0
0
0
0
0
0
0
0
0
0
2.777777778
8.333333333
0
0
0
47.22222222
83.33333333
0
0
0
0
0
0
0
0
0
0
0
0
0
0
0
0
0
0
0
0
0
0
0
0
0
0
0
0
0
0
0
0
0
0
0
0
0
0
0
0
27.77777778
8.333333333
36.11111111
152.7777778
5.555555556
113.8888889
16.66666667
111.1111111
188.8888889
88.88888889
0
0
0
0
0
0
0
0
0
0
0
0
0
2.777777778
91.66666667
161.1111111
583.3333333
613.8888889
744.4444444
830.5555556
597.2222222
608.3333333
541.6666667
319.4444444
8.333333333
0
0
0
0
0
0
0
0
0
0
0
0
80.55555556
566.6666667
694.4444444
769.4444444
838.8888889
894.4444444
933.3333333
905.5555556
636.1111111
497.2222222
133.3333333
0
0
0
0
0
0
0
0
0
0
0
0
0
0
0
419.4444444
791.6666667
922.2222222
941.6666667
930.5555556
902.7777778
825
233.3333333
0
0
0
0
0
0
0
0
0
0
0
0
0
0
27.77777778
50
33.33333333
2.777777778
286.1111111
244.4444444
2.777777778
0
0
0
0
0
0
0
0
0
0
0
0
0
0
0
0
0
0
13.88888889
44.44444444
130.5555556
488.8888889
227.7777778
27.77777778
0
358.3333333
8.333333333
100
2.777777778
0
0
0
0
0
0
0
0
0
0
0
0
0
13.88888889
44.44444444
855.5555556
900
908.3333333
897.2222222
863.8888889
805.5555556
694.4444444
422.2222222
27.77777778
0
0
0
0
0
0
0
0
0
0
0
0
5.555555556
44.44444444
111.1111111
0
63.88888889
311.1111111
558.3333333
744.4444444
761.1111111
725
458.3333333
33.33333333
0
0
0
0
0
0
0
0
0
0
0
0
38.88888889
369.4444444
577.7777778
688.8888889
744.4444444
794.4444444
788.8888889
775
719.4444444
594.4444444
327.7777778
19.44444444
0
0
0
0
0
0
0
0
0
0
0
0
30.55555556
327.7777778
547.2222222
669.4444444
822.2222222
763.8888889
591.6666667
627.7777778
500
430.5555556
305.5555556
0
0
0
0
0
0
0
0
0
0
0
0
0
0
0
27.77777778
13.88888889
22.22222222
0
0
2.777777778
0
0
0
0
0
0
0
0
0
0
0
0
0
0
0
0
0
0
0
0
0
2.777777778
5.555555556
0
2.777777778
0
0
0
0
0
0
0
0
0
0
0
0
0
0
0
5.555555556
11.11111111
230.5555556
413.8888889
538.8888889
483.3333333
577.7777778
541.6666667
300
413.8888889
122.2222222
5.555555556
0
0
0
0
0
0
0
0
0
0
0
0
0
86.11111111
55.55555556
216.6666667
230.5555556
72.22222222
27.77777778
0
0
0
0
0
0
0
0
0
0
0
0
0
0
0
0
0
0
0
0
0
0
0
5.555555556
0
11.11111111
0
0
0
0
0
0
0
0
0
0
0
0
0
0
0
0
0
2.777777778
0
0
2.777777778
0
0
0
111.1111111
83.33333333
0
0
0
0
0
0
0
0
0
0
0
0
0
0
13.88888889
25
86.11111111
588.8888889
352.7777778
658.3333333
102.7777778
0
0
0
0
0
0
0
0
0
0
0
0
0
0
0
0
0
0
16.66666667
277.7777778
5.555555556
5.555555556
16.66666667
150
127.7777778
0
0
0
0
0
0
0
0
0
0
0
0
0
0
0
0
0
0
0
0
0
0
0
0
0
0
0
0
0
0
0
0
0
0
0
0
0
0
0
0
0
0
0
0
0
0
0
0
0
0
0
0
0
0
0
0
0
0
0
0
0
0
0
0
0
0
19.44444444
22.22222222
0
0
0
5.555555556
0
0
0
0
0
0
0
0
0
0
0
0
0
0
0
0
0
75
27.77777778
130.5555556
122.2222222
127.7777778
0
11.11111111
377.7777778
497.2222222
0
0
0
0
0
0
0
0
0
0
0
0
0
19.44444444
547.2222222
722.2222222
816.6666667
441.6666667
72.22222222
697.2222222
91.66666667
638.8888889
141.6666667
0
0
0
0
0
0
0
0
0
0
0
0
0
0
0
0
0
36.11111111
0
0
0
0
5.555555556
0
0
0
0
0
0
0
0
0
0
0
0
0
0
0
58.33333333
422.2222222
444.4444444
730.5555556
786.1111111
77.77777778
769.4444444
436.1111111
663.8888889
527.7777778
16.66666667
2.777777778
0
0
0
0
0
0
0
0
0
0
0
0
47.22222222
411.1111111
466.6666667
347.2222222
261.1111111
616.6666667
463.8888889
783.3333333
652.7777778
611.1111111
177.7777778
22.22222222
0
0
0
0
0
0
0
0
0
0
0
0
55.55555556
375
544.4444444
644.4444444
547.2222222
547.2222222
566.6666667
566.6666667
369.4444444
402.7777778
330.5555556
25
0
0
0
0
0
0
0
0
0
0
0
0
86.11111111
455.5555556
558.3333333
463.8888889
719.4444444
763.8888889
625
511.1111111
525
19.44444444
47.22222222
38.88888889
0
0
0
0
0
0
0
0
0
0
0
0
0
0
0
0
0
0
0
0
0
0
0
0
0
0
0
0
0
0
0
0
0
0
0
0
0
0
8.333333333
325
416.6666667
502.7777778
519.4444444
366.6666667
222.2222222
388.8888889
261.1111111
2.777777778
0
0
0
0
0
0
0
0
0
0
0
0
0
0
58.33333333
5.555555556
0
0
41.66666667
363.8888889
147.2222222
30.55555556
0
13.88888889
0
0
0
0
0
0
0
0
0
0
0
0
38.88888889
302.7777778
508.3333333
655.5555556
294.4444444
288.8888889
830.5555556
280.5555556
19.44444444
141.6666667
186.1111111
75
0
0
0
0
0
0
0
0
0
0
0
0
27.77777778
405.5555556
608.3333333
722.2222222
697.2222222
727.7777778
755.5555556
688.8888889
725
602.7777778
505.5555556
108.3333333
0
0
0
0
0
0
0
0
0
0
0
0
13.88888889
286.1111111
569.4444444
808.3333333
852.7777778
880.5555556
877.7777778
863.8888889
827.7777778
700
519.4444444
113.8888889
0
0
0
0
0
0
0
0
0
0
0
0
27.77777778
211.1111111
661.1111111
730.5555556
838.8888889
761.1111111
594.4444444
675
669.4444444
647.2222222
488.8888889
105.5555556
0
0
0
0
0
0
0
0
0
0
0
0
30.55555556
313.8888889
488.8888889
597.2222222
658.3333333
627.7777778
708.3333333
716.6666667
713.8888889
591.6666667
350
25
0
0
0
0
0
0
0
0
0
0
0
0
2.777777778
252.7777778
383.3333333
369.4444444
550
433.3333333
250
577.7777778
30.55555556
2.777777778
2.777777778
0
0
0
0
0
0
0
0
0
0
0
0
0
0
191.6666667
586.1111111
500
125
763.8888889
605.5555556
830.5555556
758.3333333
738.8888889
533.3333333
119.4444444
0
0
0
0
0
0
0
0
0
0
0
0
80.55555556
238.8888889
369.4444444
475
525
547.2222222
672.2222222
369.4444444
0
11.11111111
216.6666667
8.333333333
0
0
0
0
0
0
0
0
0
0
0
0
0
0
0
11.11111111
55.55555556
2.777777778
0
0
0
0
0
0
0
0
0
0
0
0
0
0
0
0
0
0
0
0
0
0
5.555555556
2.777777778
0
0
0
0
0
0
0
0
0
0
0
0
0
0
0
0
0
0
5.555555556
0
0
0
391.6666667
838.8888889
708.3333333
755.5555556
691.6666667
491.6666667
269.4444444
41.66666667
0
0
0
0
0
0
0
0
0
0
0
0
0
0
0
0
25
11.11111111
197.2222222
361.1111111
447.2222222
272.2222222
0
0
0
0
0
0
0
0
0
0
0
0
0
0
0
0
0
0
0
0
0
0
0
0
0
0
0
0
0
0
0
0
0
0
0
0
0
0
0
0
2.777777778
0
0
25
80.55555556
5.555555556
27.77777778
2.777777778
0
0
0
0
0
0
0
0
0
0
0
0
0
0
2.777777778
2.777777778
188.8888889
494.4444444
166.6666667
38.88888889
5.555555556
2.777777778
0
0
0
0
0
0
0
0
0
0
0
0
0
0
0
0
0
0
44.44444444
0
0
2.777777778
0
2.777777778
0
13.88888889
36.11111111
0
0
0
0
0
0
0
0
0
0
0
0
0
2.777777778
0
130.5555556
208.3333333
372.2222222
591.6666667
383.3333333
330.5555556
372.2222222
313.8888889
52.77777778
2.777777778
0
0
0
0
0
0
0
0
0
0
0
0
0
0
322.2222222
269.4444444
230.5555556
230.5555556
33.33333333
11.11111111
38.88888889
155.5555556
2.777777778
0
0
0
0
0
0
0
0
0
0
0
0
0
0
0
0
0
0
0
0
0
0
0
0
0
0
0
0
0
0
0
0
0
0
0
0
0
0
0
0
0
0
0
0
0
0
0
0
0
0
0
0
0
0
0
0
0
0
0
0
0
36.11111111
133.3333333
177.7777778
266.6666667
261.1111111
211.1111111
247.2222222
433.3333333
286.1111111
111.1111111
119.4444444
0
0
0
0
0
0
0
0
0
0
0
0
0
25
208.3333333
402.7777778
483.3333333
525
594.4444444
586.1111111
555.5555556
452.7777778
363.8888889
177.7777778
13.88888889
0
0
0
0
0
0
0
0
0
0
0
0
0
2.777777778
0
0
0
30.55555556
2.777777778
2.777777778
2.777777778
8.333333333
8.333333333
0
0
0
0
0
0
0
0
0
0
0
0
0
0
2.777777778
30.55555556
211.1111111
611.1111111
291.6666667
497.2222222
400
191.6666667
344.4444444
197.2222222
30.55555556
0
0
0
0
0
0
0
0
0
0
0
0
0
0
108.3333333
530.5555556
583.3333333
597.2222222
605.5555556
455.5555556
258.3333333
177.7777778
50
0
0
0
0
0
0
0
0
0
0
0
0
0
0
2.777777778
175
347.2222222
522.2222222
316.6666667
266.6666667
244.4444444
66.66666667
266.6666667
191.6666667
11.11111111
0
0
0
0
0
0
0
0
0
0
0
0
63.88888889
311.1111111
322.2222222
480.5555556
269.4444444
33.33333333
2.777777778
5.555555556
0
0
0
0
0
0
0
0
0
0
0
0
0
0
0
0
0
0
0
0
2.777777778
0
0
0
2.777777778
13.88888889
41.66666667
8.333333333
0
0
0
0
0
0
0
0
0
0
0
0
13.88888889
200
280.5555556
355.5555556
363.8888889
352.7777778
172.2222222
330.5555556
269.4444444
327.7777778
286.1111111
91.66666667
0
0
0
0
0
0
0
0
0
0
0
0
36.11111111
119.4444444
483.3333333
730.5555556
380.5555556
397.2222222
719.4444444
480.5555556
247.2222222
366.6666667
216.6666667
19.44444444
0
0
0
0
0
0
0
0
0
0
0
0
55.55555556
27.77777778
0
608.3333333
722.2222222
730.5555556
722.2222222
547.2222222
616.6666667
566.6666667
366.6666667
88.88888889
0
0
0
0
0
0
0
0
0
0
0
0
5.555555556
341.6666667
275
466.6666667
688.8888889
694.4444444
519.4444444
663.8888889
633.3333333
516.6666667
61.11111111
11.11111111
0
0
0
0
0
0
0
0
0
0
0
0
2.777777778
52.77777778
58.33333333
88.88888889
77.77777778
150
13.88888889
0
0
0
0
0
0
0
0
0
0
0
0
0
0
0
0
0
0
0
0
0
0
0
0
13.88888889
80.55555556
0
0
0
0
0
0
0
0
0
0
0
0
0
0
2.777777778
11.11111111
144.4444444
308.3333333
730.5555556
877.7777778
677.7777778
475
561.1111111
788.8888889
727.7777778
266.6666667
69.44444444
0
0
0
0
0
0
0
0
0
0
0
0
0
16.66666667
105.5555556
541.6666667
508.3333333
669.4444444
705.5555556
644.4444444
8.333333333
0
0
0
0
0
0
0
0
0
0
0
0
0
0
0
19.44444444
127.7777778
544.4444444
655.5555556
672.2222222
608.3333333
533.3333333
547.2222222
527.7777778
455.5555556
144.4444444
36.11111111
0
0
0
0
0
0
0
0
0
0
0
0
16.66666667
8.333333333
30.55555556
83.33333333
422.2222222
11.11111111
336.1111111
252.7777778
263.8888889
172.2222222
19.44444444
0
0
0
0
0
0
0
0
0
0
0
0
0
0
2.777777778
41.66666667
97.22222222
280.5555556
472.2222222
516.6666667
658.3333333
441.6666667
366.6666667
147.2222222
0
0
0
0
0
0
0
0
0
0
0
0
0
52.77777778
0
16.66666667
11.11111111
25
0
216.6666667
133.3333333
80.55555556
0
0
0
0
0
0
0
0
0
0
0
0
0
0
0
180.5555556
408.3333333
5.555555556
2.777777778
250
188.8888889
150
5.555555556
86.11111111
0
0
0
0
0
0
0
0
0
0
0
0
0
0
0
0
0
0
2.777777778
47.22222222
144.4444444
69.44444444
322.2222222
191.6666667
0
2.777777778
0
0
0
0
0
0
0
0
0
0
0
0
0
125
450
602.7777778
680.5555556
725
744.4444444
741.6666667
700
630.5555556
527.7777778
355.5555556
83.33333333
0
0
0
0
0
0
0
0
0
0
0
13.88888889
233.3333333
502.7777778
266.6666667
536.1111111
536.1111111
380.5555556
433.3333333
311.1111111
141.6666667
11.11111111
0
0
0
0
0
0
0
0
0
0
0
0
0
0
0
0
2.777777778
0
0
0
0
19.44444444
138.8888889
147.2222222
0
0
0
0
0
0
0
0
0
0
0
0
0
0
36.11111111
347.2222222
372.2222222
91.66666667
8.333333333
75
269.4444444
155.5555556
166.6666667
288.8888889
169.4444444
72.22222222
0
0
0
0
0
0
0
0
0
0
0
0
2.777777778
2.777777778
8.333333333
75
188.8888889
661.1111111
708.3333333
619.4444444
88.88888889
313.8888889
55.55555556
2.777777778
0
0
0
0
0
0
0
0
0
0
0
13.88888889
286.1111111
558.3333333
477.7777778
608.3333333
436.1111111
597.2222222
238.8888889
738.8888889
786.1111111
722.2222222
563.8888889
213.8888889
0
0
0
0
0
0
0
0
0
0
0
55.55555556
425
636.1111111
719.4444444
811.1111111
861.1111111
891.6666667
891.6666667
875
827.7777778
744.4444444
575
227.7777778
0
0
0
0
0
0
0
0
0
0
0
5.555555556
188.8888889
197.2222222
144.4444444
813.8888889
861.1111111
872.2222222
858.3333333
844.4444444
802.7777778
719.4444444
555.5555556
225
0
0
0
0
0
0
0
0
0
0
0
44.44444444
369.4444444
647.2222222
744.4444444
797.2222222
802.7777778
813.8888889
647.2222222
747.2222222
716.6666667
355.5555556
288.8888889
83.33333333
0
0
0
0
0
0
0
0
0
0
0
0
0
27.77777778
0
0
2.777777778
0
0
0
5.555555556
0
2.777777778
0
0
0
0
0
0
0
0
0
0
0
0
8.333333333
302.7777778
558.3333333
472.2222222
622.2222222
500
527.7777778
616.6666667
338.8888889
386.1111111
444.4444444
177.7777778
11.11111111
0
0
0
0
0
0
0
0
0
0
0
27.77777778
275
566.6666667
688.8888889
738.8888889
536.1111111
263.8888889
572.2222222
672.2222222
652.7777778
538.8888889
358.3333333
83.33333333
0
0
0
0
0
0
0
0
0
0
0
0
0
180.5555556
619.4444444
697.2222222
727.7777778
733.3333333
733.3333333
733.3333333
638.8888889
547.2222222
422.2222222
66.66666667
0
0
0
0
0
0
0
0
0
0
0
22.22222222
219.4444444
233.3333333
183.3333333
608.3333333
722.2222222
738.8888889
700
697.2222222
661.1111111
580.5555556
416.6666667
91.66666667
0
0
0
0
0
0
0
0
0
0
0
41.66666667
336.1111111
580.5555556
700
788.8888889
825
836.1111111
819.4444444
797.2222222
730.5555556
641.6666667
494.4444444
169.4444444
0
0
0
0
0
0
0
0
0
0
0
22.22222222
188.8888889
191.6666667
536.1111111
650
663.8888889
722.2222222
719.4444444
677.7777778
250
66.66666667
105.5555556
0
0
0
0
0
0
0
0
0
0
0
0
0
0
0
0
0
11.11111111
277.7777778
552.7777778
77.77777778
2.777777778
0
50
8.333333333
0
0
0
0
0
0
0
0
0
0
0
30.55555556
286.1111111
486.1111111
575
608.3333333
525
694.4444444
125
208.3333333
2.777777778
0
0
0
0
0
0
0
0
0
0
0
0
0
0
0
0
0
0
0
0
2.777777778
0
0
0
0
0
0
0
0
0
0
0
0
0
0
0
0
0
0
0
0
0
0
0
0
0
0
0
30.55555556
138.8888889
2.777777778
0
0
0
0
0
0
0
0
0
0
0
0
0
0
0
0
0
0
0
0
0
0
0
0
0
0
0
0
0
0
0
0
0
0
0
0
27.77777778
155.5555556
200
36.11111111
172.2222222
30.55555556
8.333333333
0
147.2222222
105.5555556
38.88888889
0
0
0
0
0
0
0
0
0
0
0
0
0
0
2.777777778
0
5.555555556
11.11111111
16.66666667
2.777777778
16.66666667
2.777777778
0
0
0
0
0
0
0
0
0
0
0
0
0
0
0
2.777777778
69.44444444
169.4444444
50
116.6666667
288.8888889
136.1111111
200
30.55555556
0
0
2.777777778
0
0
0
0
0
0
0
0
0
0
0
5.555555556
86.11111111
19.44444444
258.3333333
475
527.7777778
463.8888889
505.5555556
538.8888889
394.4444444
319.4444444
238.8888889
38.88888889
0
0
0
0
0
0
0
0
0
0
0
11.11111111
2.777777778
5.555555556
136.1111111
241.6666667
413.8888889
322.2222222
338.8888889
425
213.8888889
25
27.77777778
16.66666667
0
0
0
0
0
0
0
0
0
0
0
0
0
0
0
2.777777778
2.777777778
2.777777778
0
0
0
0
0
0
0
0
0
0
0
0
0
0
0
0
0
0
69.44444444
377.7777778
177.7777778
47.22222222
19.44444444
13.88888889
141.6666667
100
30.55555556
19.44444444
0
0
0
0
0
0
0
0
0
0
0
0
0
0
0
0
55.55555556
47.22222222
111.1111111
186.1111111
66.66666667
5.555555556
2.777777778
8.333333333
0
0
0
0
0
0
0
0
0
0
0
0
0
0
0
0
2.777777778
11.11111111
2.777777778
33.33333333
375
52.77777778
16.66666667
11.11111111
0
0
0
0
0
0
0
0
0
0
0
0
0
0
0
0
0
0
0
0
0
0
0
0
0
0
0
0
0
0
0
0
0
0
0
0
0
0
0
0
0
0
0
0
0
0
0
0
0
0
0
0
0
0
0
0
0
0
0
0
0
0
0
0
0
0
0
0
0
0
0
0
0
0
0
0
0
0
0
0
0
0
0
0
0
0
0
2.777777778
0
38.88888889
44.44444444
0
0
22.22222222
88.88888889
152.7777778
8.333333333
5.555555556
0
0
0
0
0
0
0
0
0
0
0
0
5.555555556
44.44444444
333.3333333
108.3333333
13.88888889
0
30.55555556
27.77777778
5.555555556
0
0
0
0
0
0
0
0
0
0
0
0
0
0
0
0
0
0
0
69.44444444
16.66666667
2.777777778
0
0
0
0
5.555555556
0
0
0
0
0
0
0
0
0
0
0
0
11.11111111
0
2.777777778
58.33333333
177.7777778
36.11111111
250
233.3333333
291.6666667
27.77777778
16.66666667
8.333333333
0
0
0
0
0
0
0
0
0
0
0
0
0
75
200
261.1111111
47.22222222
316.6666667
333.3333333
97.22222222
177.7777778
294.4444444
316.6666667
16.66666667
0
0
0
0
0
0
0
0
0
0
0
0
0
0
0
2.777777778
72.22222222
169.4444444
50
111.1111111
658.3333333
597.2222222
500
86.11111111
2.777777778
0
0
0
0
0
0
0
0
0
0
33.33333333
227.7777778
102.7777778
269.4444444
2.777777778
5.555555556
225
308.3333333
155.5555556
94.44444444
227.7777778
191.6666667
72.22222222
0
0
0
0
0
0
0
0
0
0
0
22.22222222
247.2222222
291.6666667
269.4444444
2.777777778
5.555555556
2.777777778
52.77777778
155.5555556
61.11111111
2.777777778
0
5.555555556
0
0
0
0
0
0
0
0
0
0
0
2.777777778
83.33333333
138.8888889
58.33333333
13.88888889
58.33333333
116.6666667
111.1111111
2.777777778
2.777777778
144.4444444
50
58.33333333
0
0
0
0
0
0
0
0
0
0
0
0
211.1111111
608.3333333
700
91.66666667
644.4444444
27.77777778
36.11111111
283.3333333
500
625
444.4444444
205.5555556
0
0
0
0
0
0
0
0
0
0
0
41.66666667
105.5555556
127.7777778
8.333333333
13.88888889
555.5555556
183.3333333
11.11111111
0
8.333333333
108.3333333
63.88888889
0
0
0
0
0
0
0
0
0
0
0
0
13.88888889
30.55555556
200
205.5555556
216.6666667
186.1111111
72.22222222
66.66666667
72.22222222
2.777777778
2.777777778
0
0
0
0
0
0
0
0
0
0
0
0
0
38.88888889
0
5.555555556
138.8888889
286.1111111
80.55555556
125
72.22222222
255.5555556
63.88888889
0
0
0
0
0
0
0
0
0
0
0
0
0
0
0
66.66666667
0
0
0
0
11.11111111
111.1111111
11.11111111
0
0
0
0
0
0
0
0
0
0
0
0
0
0
0
0
0
2.777777778
13.88888889
50
383.3333333
591.6666667
69.44444444
0
0
0
0
0
0
0
0
0
0
0
0
0
0
0
0
0
0
0
13.88888889
27.77777778
77.77777778
147.2222222
325
5.555555556
0
0
0
0
0
0
0
0
0
0
0
0
0
0
0
86.11111111
41.66666667
19.44444444
97.22222222
191.6666667
491.6666667
138.8888889
811.1111111
797.2222222
47.22222222
100
177.7777778
175
0
0
0
0
0
0
0
0
0
0
0
133.3333333
527.7777778
255.5555556
272.2222222
486.1111111
738.8888889
738.8888889
691.6666667
780.5555556
416.6666667
75
58.33333333
0
0
0
0
0
0
0
0
0
0
0
0
27.77777778
338.8888889
516.6666667
694.4444444
711.1111111
647.2222222
788.8888889
805.5555556
744.4444444
308.3333333
47.22222222
2.777777778
2.777777778
0
0
0
0
0
0
0
0
0
0
0
5.555555556
308.3333333
500
213.8888889
8.333333333
55.55555556
161.1111111
213.8888889
366.6666667
305.5555556
27.77777778
8.333333333
138.8888889
2.777777778
0
0
0
0
0
0
0
0
0
0
83.33333333
333.3333333
488.8888889
563.8888889
550
63.88888889
0
102.7777778
47.22222222
336.1111111
116.6666667
111.1111111
8.333333333
0
0
0
0
0
0
0
0
0
0
0
69.44444444
161.1111111
8.333333333
0
269.4444444
583.3333333
697.2222222
691.6666667
663.8888889
608.3333333
355.5555556
330.5555556
141.6666667
0
0
0
0
0
0
0
0
0
0
0
22.22222222
233.3333333
316.6666667
275
133.3333333
166.6666667
25
27.77777778
72.22222222
116.6666667
55.55555556
0
0
0
0
0
0
0
0
0
0
0
0
0
0
0
44.44444444
27.77777778
8.333333333
5.555555556
5.555555556
47.22222222
8.333333333
0
5.555555556
2.777777778
16.66666667
0
0
0
0
0
0
0
0
0
0
0
2.777777778
83.33333333
94.44444444
333.3333333
352.7777778
650
661.1111111
575
508.3333333
311.1111111
25
91.66666667
172.2222222
25
0
0
0
0
0
0
0
0
0
0
5.555555556
11.11111111
408.3333333
575
397.2222222
250
450
583.3333333
363.8888889
552.7777778
583.3333333
230.5555556
0
0
0
0
0
0
0
0
0
0
0
0
61.11111111
236.1111111
436.1111111
383.3333333
488.8888889
341.6666667
33.33333333
0
16.66666667
0
44.44444444
44.44444444
2.777777778
0
0
0
0
0
0
0
0
0
0
0
50
211.1111111
450
575
630.5555556
338.8888889
400
591.6666667
552.7777778
552.7777778
441.6666667
230.5555556
77.77777778
0
0
0
0
0
0
0
0
0
0
0
27.77777778
119.4444444
216.6666667
308.3333333
286.1111111
344.4444444
447.2222222
308.3333333
25
38.88888889
2.777777778
0
0
0
0
0
0
0
0
0
0
0
0
0
0
0
38.88888889
102.7777778
302.7777778
55.55555556
266.6666667
86.11111111
300
247.2222222
133.3333333
77.77777778
0
0
0
0
0
0
0
0
0
0
0
0
0
72.22222222
2.777777778
16.66666667
69.44444444
30.55555556
0
63.88888889
169.4444444
22.22222222
0
0
0
0
0
0
0
0
0
0
0
0
0
0
5.555555556
186.1111111
2.777777778
55.55555556
11.11111111
63.88888889
13.88888889
80.55555556
269.4444444
300
563.8888889
336.1111111
163.8888889
0
0
0
0
0
0
0
0
0
0
0
0
0
5.555555556
19.44444444
5.555555556
13.88888889
0
2.777777778
0
0
27.77777778
8.333333333
0
2.777777778
0
0
0
0
0
0
0
0
0
0
0
0
69.44444444
352.7777778
619.4444444
705.5555556
888.8888889
700
522.2222222
419.4444444
408.3333333
508.3333333
177.7777778
0
0
0
0
0
0
0
0
0
0
0
266.6666667
477.7777778
213.8888889
161.1111111
391.6666667
38.88888889
211.1111111
72.22222222
308.3333333
516.6666667
238.8888889
72.22222222
5.555555556
0
0
0
0
0
0
0
0
0
0
0
0
0
30.55555556
5.555555556
5.555555556
41.66666667
0
2.777777778
0
11.11111111
66.66666667
0
0
0
0
0
0
0
0
0
0
0
0
0
0
0
0
0
0
0
2.777777778
22.22222222
0
0
0
0
0
0
0
0
0
0
0
0
0
0
0
0
0
0
0
0
5.555555556
2.777777778
8.333333333
2.777777778
8.333333333
0
0
0
0
0
0
0
0
0
0
0
0
0
0
0
0
0
0
0
0
0
0
0
0
0
0
0
0
0
0
0
0
0
0
0
0
0
0
0
0
100
447.2222222
547.2222222
575
388.8888889
638.8888889
563.8888889
130.5555556
44.44444444
447.2222222
138.8888889
91.66666667
25
0
0
0
0
0
0
0
0
0
0
22.22222222
80.55555556
277.7777778
591.6666667
633.3333333
458.3333333
38.88888889
22.22222222
302.7777778
544.4444444
680.5555556
352.7777778
94.44444444
0
0
0
0
0
0
0
0
0
0
0
2.777777778
119.4444444
200
497.2222222
422.2222222
388.8888889
311.1111111
213.8888889
305.5555556
80.55555556
369.4444444
333.3333333
19.44444444
0
0
0
0
0
0
0
0
0
0
0
8.333333333
22.22222222
225
280.5555556
361.1111111
458.3333333
547.2222222
116.6666667
311.1111111
291.6666667
627.7777778
550
266.6666667
5.555555556
0
0
0
0
0
0
0
0
0
0
69.44444444
277.7777778
230.5555556
647.2222222
605.5555556
808.3333333
875
752.7777778
686.1111111
486.1111111
538.8888889
244.4444444
100
0
0
0
0
0
0
0
0
0
0
0
11.11111111
208.3333333
511.1111111
683.3333333
816.6666667
800
630.5555556
783.3333333
800
538.8888889
577.7777778
283.3333333
41.66666667
0
0
0
0
0
0
0
0
0
0
0
63.88888889
269.4444444
591.6666667
430.5555556
566.6666667
697.2222222
752.7777778
744.4444444
452.7777778
397.2222222
380.5555556
477.7777778
225
2.777777778
0
0
0
0
0
0
0
0
0
0
75
319.4444444
402.7777778
152.7777778
355.5555556
550
800
825
833.3333333
775
647.2222222
497.2222222
263.8888889
0
0
0
0
0
0
0
0
0
0
0
47.22222222
100
47.22222222
119.4444444
280.5555556
211.1111111
519.4444444
8.333333333
0
0
216.6666667
386.1111111
44.44444444
5.555555556
0
0
0
0
0
0
0
0
0
0
52.77777778
263.8888889
477.7777778
719.4444444
719.4444444
297.2222222
180.5555556
33.33333333
400
519.4444444
561.1111111
388.8888889
119.4444444
5.555555556
0
0
0
0
0
0
0
0
0
0
69.44444444
186.1111111
327.7777778
469.4444444
630.5555556
775
616.6666667
400
486.1111111
600
319.4444444
136.1111111
113.8888889
0
0
0
0
0
0
0
0
0
0
0
130.5555556
397.2222222
497.2222222
708.3333333
694.4444444
555.5555556
558.3333333
313.8888889
419.4444444
566.6666667
663.8888889
655.5555556
233.3333333
0
0
0
0
0
0
0
0
0
0
0
127.7777778
400
508.3333333
702.7777778
677.7777778
61.11111111
716.6666667
691.6666667
738.8888889
716.6666667
702.7777778
525
258.3333333
0
0
0
0
0
0
0
0
0
0
0
2.777777778
102.7777778
563.8888889
647.2222222
730.5555556
694.4444444
686.1111111
822.2222222
855.5555556
575
377.7777778
458.3333333
305.5555556
41.66666667
0
0
0
0
0
0
0
0
0
0
172.2222222
455.5555556
669.4444444
555.5555556
427.7777778
844.4444444
858.3333333
580.5555556
72.22222222
194.4444444
216.6666667
188.8888889
258.3333333
33.33333333
0
0
0
0
0
0
0
0
0
0
213.8888889
586.1111111
633.3333333
705.5555556
775
850
872.2222222
819.4444444
869.4444444
833.3333333
775
461.1111111
263.8888889
0
0
0
0
0
0
0
0
0
0
0
11.11111111
444.4444444
438.8888889
505.5555556
822.2222222
833.3333333
705.5555556
777.7777778
763.8888889
822.2222222
800
686.1111111
486.1111111
80.55555556
0
0
0
0
0
0
0
0
0
0
266.6666667
613.8888889
775
852.7777778
886.1111111
902.7777778
894.4444444
875
911.1111111
880.5555556
386.1111111
416.6666667
216.6666667
36.11111111
0
0
0
0
0
0
0
0
0
0
233.3333333
447.2222222
566.6666667
769.4444444
822.2222222
583.3333333
797.2222222
755.5555556
780.5555556
713.8888889
519.4444444
363.8888889
252.7777778
30.55555556
0
0
0
0
0
0
0
0
0
0
0
186.1111111
450
383.3333333
622.2222222
555.5555556
636.1111111
819.4444444
830.5555556
738.8888889
472.2222222
452.7777778
141.6666667
13.88888889
0
0
0
0
0
0
0
0
0
0
158.3333333
522.2222222
680.5555556
791.6666667
822.2222222
855.5555556
866.6666667
825
797.2222222
861.1111111
805.5555556
733.3333333
497.2222222
97.22222222
0
0
0
0
0
0
0
0
0
0
108.3333333
375
108.3333333
483.3333333
494.4444444
166.6666667
266.6666667
430.5555556
280.5555556
169.4444444
805.5555556
733.3333333
497.2222222
97.22222222
0
0
0
0
0
0
0
0
0
0
158.3333333
522.2222222
680.5555556
791.6666667
822.2222222
855.5555556
866.6666667
825
797.2222222
861.1111111
805.5555556
733.3333333
497.2222222
97.22222222
0
0
0
0
0
0
0
0
0
0
158.3333333
522.2222222
680.5555556
791.6666667
383.3333333
475
377.7777778
408.3333333
358.3333333
386.1111111
83.33333333
108.3333333
50
2.777777778
0
0
0
0
0
0
0
0
0
0
0
0
33.33333333
216.6666667
461.1111111
325
350
400
419.4444444
441.6666667
238.8888889
127.7777778
58.33333333
19.44444444
0
0
0
0
0
0
0
0
0
0
8.333333333
38.88888889
427.7777778
527.7777778
619.4444444
825
691.6666667
769.4444444
802.7777778
802.7777778
722.2222222
286.1111111
116.6666667
5.555555556
0
0
0
0
0
0
0
0
0
0
91.66666667
361.1111111
500
613.8888889
713.8888889
725
611.1111111
680.5555556
713.8888889
566.6666667
605.5555556
230.5555556
297.2222222
38.88888889
0
0
0
0
0
0
0
0
0
0
152.7777778
366.6666667
625
602.7777778
711.1111111
852.7777778
775
772.2222222
688.8888889
769.4444444
736.1111111
569.4444444
500
75
0
0
0
0
0
0
0
0
0
0
97.22222222
527.7777778
655.5555556
713.8888889
847.2222222
766.6666667
672.2222222
797.2222222
827.7777778
494.4444444
377.7777778
433.3333333
347.2222222
36.11111111
0
0
0
0
0
0
0
0
0
0
175
500
650
647.2222222
586.1111111
577.7777778
880.5555556
922.2222222
819.4444444
880.5555556
802.7777778
613.8888889
452.7777778
44.44444444
0
0
0
0
0
0
0
0
0
0
191.6666667
355.5555556
619.4444444
691.6666667
852.7777778
625
780.5555556
877.7777778
758.3333333
811.1111111
788.8888889
208.3333333
52.77777778
22.22222222
0
0
0
0
0
0
0
0
0
0
77.77777778
411.1111111
725
741.6666667
888.8888889
836.1111111
755.5555556
872.2222222
855.5555556
863.8888889
827.7777778
738.8888889
522.2222222
86.11111111
0
0
0
0
0
0
0
0
0
0
183.3333333
386.1111111
675
577.7777778
747.2222222
866.6666667
569.4444444
511.1111111
827.7777778
461.1111111
0
577.7777778
447.2222222
19.44444444
0
0
0
0
0
0
0
0
0
0
163.8888889
308.3333333
30.55555556
697.2222222
833.3333333
688.8888889
702.7777778
744.4444444
808.3333333
716.6666667
622.2222222
277.7777778
2.777777778
2.777777778
0
0
0
0
0
0
0
0
0
0
127.7777778
494.4444444
341.6666667
527.7777778
591.6666667
566.6666667
541.6666667
200
416.6666667
327.7777778
458.3333333
341.6666667
122.2222222
0
0
0
0
0
0
0
0
0
0
0
94.44444444
97.22222222
466.6666667
691.6666667
555.5555556
594.4444444
691.6666667
738.8888889
586.1111111
766.6666667
347.2222222
530.5555556
277.7777778
5.555555556
0
0
0
0
0
0
0
0
0
0
11.11111111
13.88888889
111.1111111
191.6666667
33.33333333
8.333333333
77.77777778
11.11111111
2.777777778
0
347.2222222
530.5555556
277.7777778
5.555555556
0
0
0
0
0
0
0
0
0
0
11.11111111
13.88888889
111.1111111
191.6666667
33.33333333
5.555555556
44.44444444
8.333333333
0
13.88888889
8.333333333
0
0
0
0
0
0
0
0
0
0
0
0
0
2.777777778
47.22222222
155.5555556
450
511.1111111
663.8888889
738.8888889
663.8888889
600
483.3333333
486.1111111
472.2222222
408.3333333
13.88888889
0
0
0
0
0
0
0
0
0
0
150
527.7777778
19.44444444
150
147.2222222
375
44.44444444
97.22222222
750
691.6666667
544.4444444
391.6666667
325
27.77777778
0
0
0
0
0
0
0
0
0
0
86.11111111
333.3333333
583.3333333
786.1111111
825
888.8888889
913.8888889
913.8888889
900
875
827.7777778
700
255.5555556
55.55555556
0
0
0
0
0
0
0
0
0
0
0
141.6666667
491.6666667
627.7777778
683.3333333
700
702.7777778
588.8888889
147.2222222
127.7777778
0
13.88888889
302.7777778
30.55555556
0
0
0
0
0
0
0
0
0
0
144.4444444
241.6666667
102.7777778
552.7777778
455.5555556
644.4444444
619.4444444
566.6666667
655.5555556
308.3333333
175
122.2222222
133.3333333
0
0
0
0
0
0
0
0
0
0
0
44.44444444
558.3333333
675
755.5555556
733.3333333
619.4444444
661.1111111
597.2222222
491.6666667
661.1111111
783.3333333
375
322.2222222
30.55555556
0
0
0
0
0
0
0
0
0
0
0
175
147.2222222
88.88888889
291.6666667
444.4444444
375
208.3333333
163.8888889
119.4444444
36.11111111
22.22222222
2.777777778
2.777777778
0
0
0
0
0
0
0
0
0
0
0
30.55555556
97.22222222
211.1111111
111.1111111
247.2222222
133.3333333
183.3333333
33.33333333
30.55555556
2.777777778
11.11111111
13.88888889
2.777777778
0
0
0
0
0
0
0
0
0
0
0
0
0
0
0
0
5.555555556
2.777777778
11.11111111
11.11111111
8.333333333
0
0
0
0
0
0
0
0
0
0
0
0
0
8.333333333
119.4444444
288.8888889
308.3333333
291.6666667
141.6666667
161.1111111
97.22222222
105.5555556
13.88888889
11.11111111
0
0
0
0
0
0
0
0
0
0
0
0
0
0
27.77777778
97.22222222
36.11111111
169.4444444
369.4444444
550
197.2222222
297.2222222
113.8888889
208.3333333
319.4444444
113.8888889
2.777777778
0
0
0
0
0
0
0
0
0
0
5.555555556
244.4444444
577.7777778
527.7777778
205.5555556
588.8888889
505.5555556
91.66666667
494.4444444
5.555555556
0
52.77777778
13.88888889
11.11111111
0
0
0
0
0
0
0
0
0
0
13.88888889
444.4444444
575
327.7777778
366.6666667
494.4444444
83.33333333
475
561.1111111
666.6666667
586.1111111
597.2222222
375
19.44444444
0
0
0
0
0
0
0
0
0
0
41.66666667
430.5555556
694.4444444
525
658.3333333
505.5555556
280.5555556
202.7777778
597.2222222
436.1111111
394.4444444
522.2222222
355.5555556
11.11111111
0
0
0
0
0
0
0
0
0
0
63.88888889
263.8888889
347.2222222
191.6666667
283.3333333
547.2222222
747.2222222
800
377.7777778
586.1111111
705.5555556
419.4444444
200
2.777777778
0
0
0
0
0
0
0
0
0
0
63.88888889
219.4444444
147.2222222
394.4444444
586.1111111
613.8888889
566.6666667
516.6666667
538.8888889
588.8888889
575
516.6666667
191.6666667
5.555555556
0
0
0
0
0
0
0
0
0
0
38.88888889
311.1111111
358.3333333
561.1111111
552.7777778
422.2222222
541.6666667
241.6666667
0
8.333333333
2.777777778
102.7777778
2.777777778
0
0
0
0
0
0
0
0
0
0
0
0
130.5555556
402.7777778
541.6666667
469.4444444
383.3333333
652.7777778
238.8888889
63.88888889
11.11111111
2.777777778
0
0
0
0
0
0
0
0
0
0
0
0
0
2.777777778
25
80.55555556
19.44444444
0
158.3333333
50
0
0
155.5555556
47.22222222
0
0
0
0
0
0
0
0
0
0
0
0
0
22.22222222
163.8888889
133.3333333
427.7777778
408.3333333
336.1111111
222.2222222
77.77777778
169.4444444
211.1111111
161.1111111
150
25
0
0
0
0
0
0
0
0
0
0
0
0
313.8888889
511.1111111
272.2222222
369.4444444
683.3333333
400
488.8888889
302.7777778
27.77777778
150
277.7777778
25
0
0
0
0
0
0
0
0
0
0
0
16.66666667
44.44444444
0
50
477.7777778
633.3333333
716.6666667
741.6666667
661.1111111
605.5555556
166.6666667
38.88888889
13.88888889
0
0
0
0
0
0
0
0
0
0
0
2.777777778
119.4444444
227.7777778
350
694.4444444
719.4444444
275
319.4444444
444.4444444
561.1111111
319.4444444
177.7777778
52.77777778
0
0
0
0
0
0
0
0
0
0
0
0
2.777777778
16.66666667
5.555555556
2.777777778
0
0
0
0
0
0
0
0
0
0
0
0
0
0
0
0
0
0
0
0
0
0
0
13.88888889
11.11111111
177.7777778
58.33333333
16.66666667
61.11111111
0
0
0
0
0
0
0
0
0
0
0
0
0
0
5.555555556
194.4444444
700
677.7777778
561.1111111
333.3333333
530.5555556
797.2222222
794.4444444
780.5555556
663.8888889
641.6666667
344.4444444
0
0
0
0
0
0
0
0
0
0
0
36.11111111
372.2222222
216.6666667
216.6666667
222.2222222
822.2222222
808.3333333
380.5555556
30.55555556
252.7777778
516.6666667
458.3333333
44.44444444
0
0
0
0
0
0
0
0
0
0
0
16.66666667
313.8888889
508.3333333
705.5555556
680.5555556
677.7777778
791.6666667
763.8888889
358.3333333
513.8888889
672.2222222
458.3333333
336.1111111
0
0
0
0
0
0
0
0
0
0
0
61.11111111
527.7777778
741.6666667
838.8888889
650
919.4444444
936.1111111
936.1111111
925
894.4444444
841.6666667
727.7777778
422.2222222
2.777777778
0
0
0
0
0
0
0
0
0
0
144.4444444
594.4444444
702.7777778
844.4444444
902.7777778
922.2222222
930.5555556
838.8888889
319.4444444
155.5555556
591.6666667
725
438.8888889
0
0
0
0
0
0
0
0
0
0
0
47.22222222
397.2222222
150
752.7777778
877.7777778
888.8888889
894.4444444
769.4444444
766.6666667
772.2222222
663.8888889
394.4444444
188.8888889
0
0
0
0
0
0
0
0
0
0
0
5.555555556
13.88888889
605.5555556
830.5555556
880.5555556
916.6666667
913.8888889
902.7777778
905.5555556
877.7777778
636.1111111
488.8888889
144.4444444
0
0
0
0
0
0
0
0
0
0
0
50
583.3333333
744.4444444
855.5555556
894.4444444
916.6666667
922.2222222
922.2222222
833.3333333
847.2222222
816.6666667
708.3333333
408.3333333
0
0
0
0
0
0
0
0
0
0
0
0
250
736.1111111
638.8888889
475
900
916.6666667
891.6666667
447.2222222
852.7777778
813.8888889
650
158.3333333
0
0
0
0
0
0
0
0
0
0
0
2.777777778
0
516.6666667
658.3333333
883.3333333
780.5555556
850
844.4444444
830.5555556
819.4444444
813.8888889
705.5555556
400
0
0
0
0
0
0
0
0
0
0
0
36.11111111
313.8888889
361.1111111
850
797.2222222
919.4444444
877.7777778
925
913.8888889
880.5555556
797.2222222
52.77777778
5.555555556
0
0
0
0
0
0
0
0
0
0
0
13.88888889
144.4444444
0
802.7777778
483.3333333
916.6666667
913.8888889
855.5555556
716.6666667
877.7777778
819.4444444
691.6666667
325
0
0
0
0
0
0
0
0
0
0
0
27.77777778
383.3333333
750
677.7777778
883.3333333
405.5555556
875
908.3333333
400
2.777777778
655.5555556
683.3333333
236.1111111
0
0
0
0
0
0
0
0
0
0
0
47.22222222
516.6666667
750
844.4444444
891.6666667
911.1111111
925
652.7777778
544.4444444
163.8888889
111.1111111
427.7777778
269.4444444
0
0
0
0
0
0
0
0
0
0
0
55.55555556
236.1111111
683.3333333
844.4444444
891.6666667
913.8888889
905.5555556
902.7777778
869.4444444
352.7777778
0
308.3333333
247.2222222
0
0
0
0
0
0
0
0
0
0
0
11.11111111
430.5555556
713.8888889
822.2222222
858.3333333
841.6666667
883.3333333
116.6666667
488.8888889
672.2222222
400
505.5555556
161.1111111
0
0
0
0
0
0
0
0
0
0
0
0
402.7777778
725
819.4444444
852.7777778
866.6666667
897.2222222
897.2222222
758.3333333
91.66666667
238.8888889
105.5555556
205.5555556
0
0
0
0
0
0
0
0
0
0
0
77.77777778
430.5555556
691.6666667
791.6666667
847.2222222
652.7777778
283.3333333
136.1111111
488.8888889
0
30.55555556
0
180.5555556
0
0
0
0
0
0
0
0
0
0
0
63.88888889
475
636.1111111
686.1111111
666.6666667
844.4444444
847.2222222
675
377.7777778
525
591.6666667
352.7777778
2.777777778
0
0
0
0
0
0
0
0
0
0
0
22.22222222
394.4444444
655.5555556
822.2222222
380.5555556
522.2222222
700
638.8888889
541.6666667
355.5555556
702.7777778
469.4444444
136.1111111
0
0
0
0
0
0
0
0
0
0
0
58.33333333
463.8888889
711.1111111
638.8888889
672.2222222
502.7777778
569.4444444
750
841.6666667
816.6666667
708.3333333
605.5555556
208.3333333
0
0
0
0
0
0
0
0
0
0
0
63.88888889
400
441.6666667
283.3333333
738.8888889
738.8888889
291.6666667
30.55555556
430.5555556
558.3333333
480.5555556
66.66666667
91.66666667
0
0
0
0
0
0
0
0
0
0
0
5.555555556
61.11111111
336.1111111
555.5555556
527.7777778
322.2222222
372.2222222
638.8888889
605.5555556
297.2222222
422.2222222
69.44444444
0
0
0
0
0
0
0
0
0
0
0
0
19.44444444
44.44444444
19.44444444
133.3333333
463.8888889
444.4444444
594.4444444
263.8888889
602.7777778
591.6666667
150
50
11.11111111
0
0
0
0
0
0
0
0
0
0
0
8.333333333
36.11111111
433.3333333
605.5555556
719.4444444
772.2222222
322.2222222
644.4444444
461.1111111
138.8888889
63.88888889
133.3333333
8.333333333
0
0
0
0
0
0
0
0
0
0
0
2.777777778
219.4444444
711.1111111
816.6666667
863.8888889
877.7777778
866.6666667
880.5555556
433.3333333
0
313.8888889
91.66666667
63.88888889
0
0
0
0
0
0
0
0
0
0
0
41.66666667
222.2222222
588.8888889
702.7777778
775
819.4444444
761.1111111
488.8888889
436.1111111
55.55555556
63.88888889
47.22222222
11.11111111
0
0
0
0
0
0
0
0
0
0
0
0
325
558.3333333
747.2222222
419.4444444
247.2222222
605.5555556
488.8888889
744.4444444
500
702.7777778
227.7777778
11.11111111
0
0
0
0
0
0
0
0
0
0
0
5.555555556
83.33333333
575
483.3333333
805.5555556
786.1111111
658.3333333
488.8888889
77.77777778
347.2222222
466.6666667
255.5555556
41.66666667
0
0
0
0
0
0
0
0
0
0
0
0
125
600
402.7777778
555.5555556
805.5555556
755.5555556
736.1111111
791.6666667
780.5555556
705.5555556
536.1111111
138.8888889
0
0
0
0
0
0
0
0
0
0
0
47.22222222
375
691.6666667
702.7777778
30.55555556
250
30.55555556
38.88888889
113.8888889
611.1111111
652.7777778
344.4444444
66.66666667
0
0
0
0
0
0
0
0
0
0
0
47.22222222
197.2222222
691.6666667
700
741.6666667
861.1111111
877.7777778
813.8888889
605.5555556
516.6666667
372.2222222
275
36.11111111
0
0
0
0
0
0
0
0
0
0
0
0
0
0
0
2.777777778
75
183.3333333
77.77777778
230.5555556
750
680.5555556
230.5555556
33.33333333
0
0
0
0
0
0
0
0
0
0
0
8.333333333
202.7777778
519.4444444
447.2222222
450
738.8888889
719.4444444
333.3333333
305.5555556
144.4444444
238.8888889
166.6666667
0
0
0
0
0
0
0
0
0
0
0
0
0
33.33333333
327.7777778
333.3333333
472.2222222
377.7777778
147.2222222
47.22222222
11.11111111
0
8.333333333
0
0
0
0
0
0
0
0
0
0
0
0
0
0
0
0
11.11111111
33.33333333
16.66666667
2.777777778
50
116.6666667
83.33333333
2.777777778
0
0
0
0
0
0
0
0
0
0
0
0
0
0
30.55555556
19.44444444
563.8888889
533.3333333
566.6666667
641.6666667
772.2222222
480.5555556
355.5555556
313.8888889
113.8888889
0
0
0
0
0
0
0
0
0
0
0
0
50
444.4444444
666.6666667
722.2222222
563.8888889
838.8888889
872.2222222
894.4444444
861.1111111
822.2222222
725
461.1111111
105.5555556
0
0
0
0
0
0
0
0
0
0
0
47.22222222
452.7777778
680.5555556
763.8888889
666.6666667
833.3333333
852.7777778
847.2222222
838.8888889
777.7777778
677.7777778
5.555555556
0
0
0
0
0
0
0
0
0
0
0
0
0
0
0
219.4444444
377.7777778
783.3333333
808.3333333
736.1111111
502.7777778
688.8888889
355.5555556
355.5555556
38.88888889
0
0
0
0
0
0
0
0
0
0
0
19.44444444
319.4444444
563.8888889
386.1111111
386.1111111
469.4444444
305.5555556
580.5555556
652.7777778
583.3333333
525
147.2222222
5.555555556
0
0
0
0
0
0
0
0
0
0
0
8.333333333
294.4444444
569.4444444
625
588.8888889
752.7777778
741.6666667
777.7777778
827.7777778
780.5555556
613.8888889
311.1111111
2.777777778
0
0
0
0
0
0
0
0
0
0
0
2.777777778
250
216.6666667
508.3333333
588.8888889
752.7777778
250
547.2222222
416.6666667
136.1111111
263.8888889
238.8888889
19.44444444
0
0
0
0
0
0
0
0
0
0
0
0
188.8888889
141.6666667
152.7777778
405.5555556
561.1111111
547.2222222
286.1111111
255.5555556
297.2222222
241.6666667
169.4444444
8.333333333
0
0
0
0
0
0
0
0
0
0
0
0
19.44444444
269.4444444
180.5555556
55.55555556
127.7777778
472.2222222
516.6666667
658.3333333
513.8888889
447.2222222
225
0
0
0
0
0
0
0
0
0
0
0
0
0
75
358.3333333
483.3333333
352.7777778
138.8888889
458.3333333
491.6666667
225
350
358.3333333
250
2.777777778
0
0
0
0
0
0
0
0
0
0
0
2.777777778
47.22222222
219.4444444
702.7777778
736.1111111
747.2222222
513.8888889
347.2222222
252.7777778
386.1111111
427.7777778
86.11111111
0
0
0
0
0
0
0
0
0
0
0
0
0
88.88888889
252.7777778
183.3333333
94.44444444
269.4444444
133.3333333
108.3333333
336.1111111
386.1111111
172.2222222
44.44444444
0
0
0
0
0
0
0
0
0
0
0
0
0
125
86.11111111
41.66666667
0
0
0
0
0
0
0
0
0
0
0
0
0
0
0
0
0
0
0
0
0
102.7777778
202.7777778
369.4444444
480.5555556
502.7777778
400
636.1111111
516.6666667
200
244.4444444
58.33333333
0
0
0
0
0
0
0
0
0
0
0
0
0
127.7777778
241.6666667
355.5555556
600
613.8888889
477.7777778
330.5555556
36.11111111
105.5555556
27.77777778
27.77777778
0
0
0
0
0
0
0
0
0
0
0
0
0
111.1111111
494.4444444
94.44444444
0
13.88888889
61.11111111
100
397.2222222
305.5555556
263.8888889
69.44444444
0
0
0
0
0
0
0
0
0
0
0
0
0
11.11111111
52.77777778
61.11111111
44.44444444
188.8888889
200
319.4444444
402.7777778
225
72.22222222
2.777777778
0
0
0
0
0
0
0
0
0
0
0
0
0
27.77777778
125
297.2222222
147.2222222
433.3333333
452.7777778
294.4444444
16.66666667
2.777777778
0
2.777777778
0
0
0
0
0
0
0
0
0
0
0
0
0
2.777777778
0
0
0
5.555555556
13.88888889
11.11111111
0
5.555555556
5.555555556
0
0
0
0
0
0
0
0
0
0
0
0
0
0
0
0
0
2.777777778
75
305.5555556
119.4444444
11.11111111
8.333333333
13.88888889
0
0
0
0
0
0
0
0
0
0
0
0
0
0
138.8888889
405.5555556
613.8888889
705.5555556
738.8888889
727.7777778
675
502.7777778
475
325
61.11111111
0
0
0
0
0
0
0
0
0
0
0
0
0
61.11111111
205.5555556
500
516.6666667
500
494.4444444
338.8888889
313.8888889
113.8888889
208.3333333
97.22222222
0
0
0
0
0
0
0
0
0
0
0
0
0
41.66666667
513.8888889
547.2222222
377.7777778
305.5555556
402.7777778
597.2222222
350
683.3333333
2.777777778
16.66666667
0
0
0
0
0
0
0
0
0
0
0
0
0
100
463.8888889
350
272.2222222
658.3333333
580.5555556
708.3333333
566.6666667
594.4444444
661.1111111
363.8888889
5.555555556
0
0
0
0
0
0
0
0
0
0
0
0
0
30.55555556
161.1111111
466.6666667
647.2222222
472.2222222
100
8.333333333
125
555.5555556
230.5555556
0
0
0
0
0
0
0
0
0
0
0
0
2.777777778
175
497.2222222
483.3333333
694.4444444
761.1111111
577.7777778
741.6666667
738.8888889
377.7777778
127.7777778
0
0
0
0
0
0
0
0
0
0
0
0
0
0
125
433.3333333
636.1111111
750
811.1111111
822.2222222
813.8888889
752.7777778
397.2222222
172.2222222
22.22222222
0
0
0
0
0
0
0
0
0
0
0
0
0
0
2.777777778
91.66666667
366.6666667
363.8888889
216.6666667
197.2222222
333.3333333
488.8888889
255.5555556
116.6666667
0
0
0
0
0
0
0
0
0
0
0
0
0
2.777777778
8.333333333
13.88888889
13.88888889
219.4444444
566.6666667
416.6666667
19.44444444
47.22222222
30.55555556
8.333333333
0
0
0
0
0
0
0
0
0
0
0
0
0
100
141.6666667
2.777777778
0
0
0
11.11111111
0
0
27.77777778
0
0
0
0
0
0
0
0
0
0
0
0
0
0
122.2222222
544.4444444
613.8888889
463.8888889
408.3333333
527.7777778
538.8888889
102.7777778
147.2222222
5.555555556
50
0
0
0
0
0
0
0
0
0
0
0
0
0
241.6666667
575
677.7777778
747.2222222
744.4444444
755.5555556
819.4444444
775
663.8888889
605.5555556
216.6666667
0
0
0
0
0
0
0
0
0
0
0
0
0
47.22222222
47.22222222
322.2222222
566.6666667
550
594.4444444
719.4444444
455.5555556
461.1111111
286.1111111
58.33333333
0
0
0
0
0
0
0
0
0
0
0
0
0
116.6666667
447.2222222
608.3333333
769.4444444
772.2222222
352.7777778
180.5555556
77.77777778
152.7777778
8.333333333
0
0
0
0
0
0
0
0
0
0
0
0
0
0
30.55555556
216.6666667
297.2222222
5.555555556
11.11111111
44.44444444
33.33333333
180.5555556
313.8888889
55.55555556
2.777777778
0
0
0
0
0
0
0
0
0
0
0
0
0
141.6666667
355.5555556
538.8888889
541.6666667
275
261.1111111
319.4444444
394.4444444
275
202.7777778
113.8888889
0
0
0
0
0
0
0
0
0
0
0
0
0
119.4444444
391.6666667
341.6666667
411.1111111
691.6666667
719.4444444
688.8888889
338.8888889
569.4444444
461.1111111
88.88888889
0
0
0
0
0
0
0
0
0
0
0
0
2.777777778
258.3333333
591.6666667
747.2222222
738.8888889
508.3333333
786.1111111
708.3333333
641.6666667
311.1111111
472.2222222
236.1111111
0
0
0
0
0
0
0
0
0
0
0
0
0
130.5555556
561.1111111
625
522.2222222
833.3333333
613.8888889
0
0
22.22222222
5.555555556
11.11111111
0
0
0
0
0
0
0
0
0
0
0
0
0
333.3333333
611.1111111
316.6666667
744.4444444
586.1111111
55.55555556
258.3333333
600
597.2222222
75
0
0
0
0
0
0
0
0
0
0
0
0
0
0
197.2222222
602.7777778
491.6666667
19.44444444
2.777777778
8.333333333
58.33333333
0
0
33.33333333
0
0
0
0
0
0
0
0
0
0
0
0
0
0
0
0
0
8.333333333
0
0
0
8.333333333
2.777777778
108.3333333
0
0
0
0
0
0
0
0
0
0
0
0
0
0
30.55555556
2.777777778
294.4444444
463.8888889
538.8888889
700
655.5555556
538.8888889
588.8888889
486.1111111
155.5555556
0
0
0
0
0
0
0
0
0
0
0
0
0
230.5555556
633.3333333
772.2222222
775
888.8888889
905.5555556
641.6666667
816.6666667
577.7777778
602.7777778
261.1111111
0
0
0
0
0
0
0
0
0
0
0
0
0
166.6666667
636.1111111
477.7777778
566.6666667
536.1111111
758.3333333
811.1111111
525
755.5555556
558.3333333
33.33333333
0
0
0
0
0
0
0
0
0
0
0
0
0
5.555555556
150
233.3333333
572.2222222
225
50
77.77777778
333.3333333
486.1111111
411.1111111
130.5555556
0
0
0
0
0
0
0
0
0
0
0
0
0
183.3333333
583.3333333
755.5555556
825
830.5555556
822.2222222
816.6666667
750
519.4444444
144.4444444
100
0
0
0
0
0
0
0
0
0
0
0
0
0
127.7777778
383.3333333
225
122.2222222
158.3333333
269.4444444
372.2222222
663.8888889
258.3333333
5.555555556
0
0
0
0
0
0
0
0
0
0
0
0
0
0
0
0
527.7777778
838.8888889
736.1111111
750
769.4444444
536.1111111
330.5555556
208.3333333
2.777777778
0
0
0
0
0
0
0
0
0
0
0
0
0
0
0
0
244.4444444
286.1111111
36.11111111
5.555555556
25
175
163.8888889
88.88888889
0
0
0
0
0
0
0
0
0
0
0
0
0
94.44444444
483.3333333
638.8888889
586.1111111
386.1111111
200
200
80.55555556
19.44444444
0
0
0
0
0
0
0
0
0
0
0
0
0
0
0
0
0
0
0
0
0
0
0
0
0
0
0
0
0
0
0
0
0
0
0
0
0
0
0
0
0
0
0
0
0
5.555555556
0
0
0
0
0
0
0
0
0
0
0
0
0
0
0
0
0
0
100
177.7777778
194.4444444
444.4444444
141.6666667
55.55555556
2.777777778
27.77777778
38.88888889
0
0
0
0
0
0
0
0
0
0
0
0
0
0
0
0
0
30.55555556
5.555555556
2.777777778
0
0
2.777777778
22.22222222
0
0
0
0
0
0
0
0
0
0
0
0
0
0
0
0
0
0
0
0
0
0
0
0
0
0
0
0
0
0
0
0
0
0
0
0
0
0
0
0
0
0
16.66666667
22.22222222
0
0
0
0
0
0
0
0
0
0
0
0
0
0
0
0
0
0
66.66666667
238.8888889
341.6666667
69.44444444
100
102.7777778
288.8888889
363.8888889
97.22222222
250
58.33333333
0
0
0
0
0
0
0
0
0
0
0
0
0
83.33333333
408.3333333
625
688.8888889
644.4444444
711.1111111
633.3333333
463.8888889
644.4444444
375
0
0
0
0
0
0
0
0
0
0
0
0
0
0
2.777777778
230.5555556
316.6666667
313.8888889
97.22222222
513.8888889
422.2222222
88.88888889
22.22222222
0
0
0
0
0
0
0
0
0
0
0
0
0
0
0
0
8.333333333
258.3333333
583.3333333
666.6666667
627.7777778
858.3333333
650
369.4444444
366.6666667
25
0
0
0
0
0
0
0
0
0
0
0
0
0
144.4444444
502.7777778
555.5555556
794.4444444
761.1111111
852.7777778
863.8888889
825
700
558.3333333
197.2222222
0
0
0
0
0
0
0
0
0
0
0
0
0
61.11111111
522.2222222
627.7777778
786.1111111
697.2222222
836.1111111
808.3333333
786.1111111
716.6666667
544.4444444
177.7777778
0
0
0
0
0
0
0
0
0
0
0
0
0
16.66666667
450
750
291.6666667
730.5555556
755.5555556
847.2222222
530.5555556
419.4444444
100
41.66666667
0
0
0
0
0
0
0
0
0
0
0
0
0
27.77777778
16.66666667
0
100
36.11111111
27.77777778
44.44444444
0
2.777777778
75
22.22222222
0
0
0
0
0
0
0
0
0
0
0
0
0
0
136.1111111
13.88888889
41.66666667
219.4444444
58.33333333
27.77777778
11.11111111
11.11111111
0
0
0
0
0
0
0
0
0
0
0
0
0
0
0
52.77777778
500
713.8888889
797.2222222
769.4444444
516.6666667
72.22222222
47.22222222
150
27.77777778
22.22222222
0
0
0
0
0
0
0
0
0
0
0
0
0
11.11111111
377.7777778
430.5555556
700
783.3333333
802.7777778
805.5555556
672.2222222
697.2222222
527.7777778
155.5555556
0
0
0
0
0
0
0
0
0
0
0
0
0
13.88888889
102.7777778
330.5555556
547.2222222
683.3333333
794.4444444
802.7777778
541.6666667
494.4444444
505.5555556
169.4444444
0
0
0
0
0
0
0
0
0
0
0
0
0
0
0
0
2.777777778
2.777777778
52.77777778
0
0
0
0
0
0
0
0
0
0
0
0
0
0
0
0
0
0
0
0
0
0
0
0
0
0
0
0
0
0
0
0
0
0
0
0
0
0
0
0
0
0
2.777777778
50
44.44444444
311.1111111
375
611.1111111
394.4444444
391.6666667
22.22222222
0
0
0
0
0
0
0
0
0
0
0
0
0
0
0
0
0
0
11.11111111
0
0
0
0
0
0
0
0
0
0
0
0
0
0
0
0
0
0
0
0
0
0
0
94.44444444
205.5555556
172.2222222
105.5555556
2.777777778
0
0
0
0
0
0
0
0
0
0
0
0
0
0
0
0
16.66666667
55.55555556
163.8888889
250
591.6666667
450
447.2222222
252.7777778
400
411.1111111
80.55555556
0
0
0
0
0
0
0
0
0
0
0
0
0
0
25
213.8888889
200
88.88888889
388.8888889
575
383.3333333
319.4444444
50
0
0
0
0
0
0
0
0
0
0
0
0
0
0
0
0
0
0
0
0
0
0
0
0
0
0
0
0
0
0
0
0
0
0
0
0
0
0
0
0
0
0
19.44444444
286.1111111
36.11111111
8.333333333
0
0
0
0
0
0
0
0
0
0
0
0
0
0
0
0
5.555555556
322.2222222
455.5555556
591.6666667
461.1111111
119.4444444
222.2222222
616.6666667
488.8888889
80.55555556
0
0
0
0
0
0
0
0
0
0
0
0
0
0
0
0
2.777777778
16.66666667
8.333333333
0
0
0
0
0
0
0
0
0
0
0
0
0
0
0
0
0
0
0
0
0
0
2.777777778
0
0
0
0
0
0
0
0
0
0
0
0
0
0
0
0
0
0
0
0
0
0
0
0
0
0
0
0
0
0
0
0
0
0
0
0
0
0
0
0
0
0
0
0
0
27.77777778
25
8.333333333
211.1111111
105.5555556
269.4444444
708.3333333
475
216.6666667
0
0
0
0
0
0
0
0
0
0
0
0
0
0
0
0
2.777777778
97.22222222
0
0
0
0
0
0
0
0
0
0
0
0
0
0
0
0
0
0
0
0
0
0
5.555555556
0
0
13.88888889
0
0
0
0
0
0
0
0
0
0
0
0
0
0
0
0
0
0
0
0
0
0
0
0
5.555555556
55.55555556
63.88888889
58.33333333
0
0
0
0
0
0
0
0
0
0
0
0
0
0
0
0
163.8888889
138.8888889
186.1111111
72.22222222
11.11111111
16.66666667
169.4444444
0
0
0
0
0
0
0
0
0
0
0
0
0
0
0
0
0
0
0
0
2.777777778
0
0
0
0
0
0
0
0
0
0
0
0
0
0
0
0
0
0
0
0
0
0
0
0
0
0
0
5.555555556
16.66666667
0
0
0
0
0
0
0
0
0
0
0
0
0
0
0
5.555555556
27.77777778
113.8888889
602.7777778
397.2222222
2.777777778
0
0
0
0
0
0
0
0
0
0
0
0
0
0
0
0
2.777777778
233.3333333
188.8888889
258.3333333
472.2222222
280.5555556
569.4444444
522.2222222
52.77777778
122.2222222
2.777777778
0
0
0
0
0
0
0
0
0
0
0
0
0
0
0
0
0
236.1111111
158.3333333
25
0
0
19.44444444
150
0
0
0
0
0
0
0
0
0
0
0
0
0
0
50
180.5555556
377.7777778
5.555555556
388.8888889
255.5555556
91.66666667
0
58.33333333
8.333333333
0
0
0
0
0
0
0
0
0
0
0
0
0
0
0
0
0
2.777777778
0
0
0
0
0
0
0
0
0
0
0
0
0
0
0
0
0
0
0
0
0
2.777777778
0
0
0
2.777777778
0
0
5.555555556
0
0
0
0
0
0
0
0
0
0
0
0
0
0
2.777777778
0
97.22222222
225
33.33333333
327.7777778
25
0
0
0
0
0
0
0
0
0
0
0
0
0
0
0
0
0
0
0
0
0
0
0
0
0
0
0
0
0
0
0
0
0
0
0
0
0
0
0
0
0
0
19.44444444
222.2222222
322.2222222
227.7777778
288.8888889
569.4444444
583.3333333
472.2222222
325
44.44444444
0
0
0
0
0
0
0
0
0
0
0
0
0
0
25
127.7777778
350
447.2222222
383.3333333
444.4444444
433.3333333
391.6666667
300
72.22222222
0
0
0
0
0
0
0
0
0
0
0
0
0
8.333333333
119.4444444
394.4444444
536.1111111
608.3333333
505.5555556
555.5555556
594.4444444
547.2222222
86.11111111
2.777777778
0
0
0
0
0
