1740
1740
1610
1590
1550
1520
1520
1520
1470
1470
1420
1380
1430
1340
1410
1350
1400
1470
1470
1490
1520
1470
1490
1520
1500
1550
1590
1600
1610
1650
1630
1630
1630
1640
1660
1690
1780
1760
1890
1840
1900
1890
1840
1890
1900
1980
2110
2140
2210
2300
2300
2280
2320
2340
2320
2300
2230
2120
2190
2400
2430
2680
2600
2390
2210
2290
2190
2210
2180
2050
2110
2060
1990
1880
1710
1820
1760
1640
1660
1420
1450
1450
1480
1510
1490
1440
1390
1360
1320
1250
1260
1240
1270
1250
1220
1170
1210
1130
1120
1160
1110
1070
1120
1120
1050
1060
1240
1190
1150
1160
1210
1190
1130
1090
1110
1020
1100
1060
1060
1070
1110
1100
1120
1120
990
1010
1020
1060
1070
1000
1070
1020
1050
1010
1100
1130
1140
1180
1210
1230
1260
1300
1300
1250
1280
1320
1340
1370
1390
1410
1380
1370
1380
1480
1380
1470
1450
1490
1510
1540
1540
1530
1570
1570
1560
1550
1630
1590
1590
1600
1630
1630
1650
1670
1660
1680
1720
1860
1750
1800
1820
1840
1840
1790
1800
1850
2080
1970
1800
1640
1540
1450
1390
1390
1320
1380
1360
1380
1350
1300
1320
1510
1470
1370
1310
1330
1330
1340
1270
1290
1300
1340
1330
1310
1240
1230
1210
1210
1200
1190
1180
1150
1120
1140
1170
1180
1180
1160
1150
1180
1190
1230
1250
1270
1260
1210
1260
1250
1380
1270
1260
1250
1300
1300
1260
1350
1290
1310
1330
1300
1280
1340
1350
1320
1310
1350
1330
1420
1430
1500
1480
1410
1440
1440
1520
1510
1490
1530
1500
1550
1450
1540
1590
1620
1560
1520
1540
1600
1540
1550
1420
1780
1700
1780
1910
1840
1820
1750
1740
1740
1680
1720
1640
1690
1640
1590
1540
1530
1560
1610
1630
1610
1630
1620
1640
1690
1620
1610
1600
1610
1620
1570
1570
1590
1610
1660
1610
1590
1570
1670
1690
1590
1560
1560
1540
1700
1560
1530
1560
1540
1550
1440
1470
1380
1400
1410
1330
1250
1280
1250
1160
1030
1070
850
1060
1040
980
970
990
1030
1050
1010
860
1050
880
1030
930
1010
920
960
1030
1090
1080
1090
1100
1120
1110
1100
1070
1050
1090
1070
1070
1020
1040
1100
1080
1060
1100
1120
1110
1110
1120
1110
1140
1190
1190
1170
1180
1170
1200
1200
1250
1260
1220
1210
1200
1250
1250
1250
1210
1280
1300
1310
1310
1300
1300
1280
1270
1320
1240
1230
1200
1110
1130
1050
1020
980
1060
1080
1030
1020
1010
920
930
900
870
870
780
960
990
900
900
870
880
950
900
850
870
940
860
1020
1030
960
1090
1040
1090
1200
1050
1020
1040
1110
1160
1110
1080
1020
1070
1170
1360
1390
1280
1220
1160
1220
1300
1270
1320
1330
1330
1460
1390
1260
1200
1170
1150
1240
1190
1210
1240
1300
1500
1570
1560
1520
1490
1420
1350
1320
1300
1330
1320
1270
1170
1140
1110
1200
1140
1050
1010
1020
980
990
1010
950
920
900
870
910
880
870
840
920
860
870
900
880
920
860
890
1060
1010
970
970
1090
980
970
860
840
870
950
980
980
1020
1040
1040
1020
1080
1120
1140
1020
1080
1000
1020
1170
1150
1170
1160
1160
1170
1190
1230
1220
1170
1160
1130
1070
1060
1070
1050
1020
930
1120
1220
1170
1180
1180
1030
1130
1180
1210
1240
1250
1300
1270
1280
1100
1140
1100
1130
1160
1230
1230
1440
1400
1410
1460
1350
1320
1210
1220
1290
1270
1300
1340
1440
1380
1460
1450
1570
1610
1560
1560
1580
1590
1600
1600
1560
1600
1700
1670
1630
1560
1460
1500
1460
1440
1510
1590
1550
1560
1560
1610
1590
1580
1560
1510
1500
1450
1460
1480
1470
1390
1440
1470
1390
1530
1440
1530
1520
1540
1490
1420
1420
1330
1320
1330
1310
1300
1320
1350
1330
1250
1250
1190
1230
1230
1190
1320
1260
1220
1200
1230
1300
1270
1270
1240
1340
1390
1430
1480
1510
1530
1590
1640
1670
1700
1830
1810
1740
1700
1610
1650
1650
1630
1650
1610
1600
1610
1520
1460
1490
1520
1510
1510
1540
1530
1550
1580
1580
1600
1580
1570
1560
1580
1620
1720
1740
1760
1820
1790
1630
1640
1760
1760
1780
1780
1770
1800
1810
1790
1800
1790
1790
1770
1730
1710
1700
1700
1720
1740
1710
1720
1750
1800
1890
1950
1960
1880
1970
2000
2030
2080
2100
2060
2050
2060
2050
2060
2080
2060
2060
2040
2090
2130
2210
2190
2230
2250
2300
2430
2440
2450
2400
2430
2440
2470
2470
2470
2450
2480
2480
2480
2480
2460
2440
2480
2490
2530
2520
2590
2600
2560
2520
2500
2550
2510
2480
2470
2460
2490
2520
2530
2550
2580
2620
2610
2620
2620
2580
2540
2470
2420
2460
2300
2370
2230
2200
2120
2130
2150
2000
1980
1960
1950
1890
1780
1750
1720
1680
1670
1640
1620
1670
1600
1620
1600
1580
1590
1640
1600
1590
1520
1550
1530
1530
1580
1590
1540
1450
1460
1430
1500
1530
1570
1500
1560
1600
1590
1580
1560
1650
1670
1690
1710
1700
1740
1760
1810
1850
1860
1870
1860
1920
1890
1890
1910
1910
1950
2100
2130
2130
2110
2100
2140
2140
2180
2230
2280
2290
2320
2410
2390
2380
2410
2470
2480
2550
2570
2540
2480
2430
2380
2260
2330
2230
2270
2270
2200
2270
2300
2200
2310
2170
2170
2150
2070
2110
2080
2080
2080
2040
2010
2050
2050
2010
1990
1930
1970
2010
1940
1890
1790
1710
1750
1710
1700
1700
1720
1670
1660
1630
1620
1600
1610
1600
1670
1720
1690
1660
1600
1690
1650
1700
1720
1750
1780
1740
1730
1760
1730
1840
1820
1860
1800
1810
1790
1800
1780
1730
1720
1700
1700
1670
1610
1560
1500
1540
1470
1430
1430
1380
1400
1380
1360
1320
1330
1300
1260
1280
1260
1180
1220
1210
1280
1240
1270
1210
1170
1230
1210
1150
1180
1130
1160
1120
1210
1180
1180
1150
1190
1200
1280
1250
1330
1330
1330
1370
1420
1350
1320
1390
1390
1430
1440
1460
1380
1460
1500
1560
1600
1650
1640
1770
1790
1800
1680
1670
1750
1680
1760
1810
1720
1710
1720
1830
1760
1860
1830
1820
1800
1780
1890
1860
1840
1890
1930
1900
2000
1870
1920
1780
1750
1740
1740
1690
1680
1680
1690
1720
1690
1680
1720
1720
1680
1720
1680
1660
1680
1600
1600
1550
1600
1490
1560
1530
1410
1420
1370
1400
1350
1380
1290
1220
1170
1190
1140
1050
1070
1000
1060
1130
1090
1100
1140
1080
1150
1150
1270
1220
1170
1120
1120
1060
1130
1160
1110
1070
1210
1070
1280
1240
1220
1200
1220
1350
1380
1460
1430
1380
1390
1380
1430
1460
1500
1480
1480
1480
1540
1570
1640
1570
1550
1610
1580
1610
1600
1600
1640
1730
1790
1830
1840
1840
1890
1870
1910
1920
1930
1960
1960
1980
1990
2010
2000
2040
2000
2010
2010
2010
2010
2000
2010
2040
2040
2140
2170
2270
2270
2200
2220
2300
2300
2330
2320
2340
2090
2010
1960
2000
1840
1810
1800
1750
1700
1760
1730
1830
1860
1830
1760
1680
1630
1620
1560
1430
1460
1480
1390
1410
1430
1360
1360
1400
1300
1220
1070
1220
1130
1160
1070
1030
990
1030
1020
910
980
940
890
890
900
890
850
880
830
1010
1040
1010
1010
930
890
960
810
940
980
950
910
1020
1130
1160
1270
1080
1200
1190
1070
1260
1230
1320
1230
1250
1220
1170
1140
1150
1120
1100
1130
1220
1180
1210
1260
1160
1090
1300
1370
1250
1260
1240
1210
1190
1320
1300
1270
1240
1250
1290
1350
1290
1330
1350
1330
1390
1380
1510
1420
1440
1370
1330
1410
1340
1310
1230
1260
1250
1300
1310
1380
1370
1450
1420
1420
1460
1480
1510
1460
1470
1470
1540
1510
1490
1510
1510
1450
1450
1450
1410
1500
1440
1490
1550
1460
1500
1600
1530
1550
1560
1510
1540
1540
1640
1640
1700
1600
1680
1740
1800
1820
1780
1800
1790
1840
1870
1870
1950
1940
1990
2000
2010
1950
2030
2000
2040
2050
2120
2090
2070
2090
2200
2090
2190
2150
2080
2090
2110
2160
2180
2180
2190
2190
2290
2200
2170
2150
2090
2060
2030
1980
1990
2010
1930
1890
1870
1880
1890
1850
1740
1720
1750
1690
1690
1690
1680
1670
1660
1580
1670
1670
1680
1670
1700
1620
1600
1670
1760
1780
1740
1800
1800
1810
1780
1850
1900
1880
1950
1940
1970
2000
2000
2050
2080
2080
2090
2100
2130
2140
2060
2080
2150
2200
2160
2230
2270
2270
2260
2290
2300
2290
2300
2330
2380
2380
2350
2230
2300
2270
2240
2180
2140
2110
2110
1970
1870
1760
1760
1770
1720
1750
1710
1700
1760
1690
1690
1690
1760
1740
1720
1720
1760
1740
1760
1820
1790
1800
1770
1840
1860
1890
1940
1850
1870
1800
1790
1820
1840
1860
1880
1890
1880
1890
1930
1900
1880
1910
1910
1890
1860
1910
1950
2010
2030
2080
2040
2000
2010
2070
2050
1920
2050
2070
2120
2060
2010
1990
1980
2010
2010
1960
1910
1810
1750
1640
1630
1580
1640
1570
1510
1450
1420
1380
1320
1290
1270
1290
1240
1270
1320
1300
1300
1350
1370
1350
1370
1400
1410
1450
1450
1480
1460
1400
1390
1380
1410
1430
1440
1400
1410
1460
1530
1590
1600
1560
1500
1460
1470
1480
1620
1740
1670
1760
1770
1780
1770
1700
1690
1670
1760
1770
1760
1800
1840
1840
1850
1920
1890
1900
1930
1920
1980
2030
1880
1860
1940
2000
1990
2030
1980
2040
2040
2060
2000
2030
2120
2090
2100
2170
2030
1930
1920
1920
1800
1780
1730
1670
1670
1670
1630
1640
1580
1540
1590
1510
1480
1430
1360
1380
1350
1290
1260
1280
1270
1210
1150
1080
1130
1150
1130
1190
1160
1100
1110
1130
1200
1190
1110
1100
1150
1150
1120
1110
1000
1060
1110
1120
1130
1110
1080
1130
1110
1140
1190
1220
1190
1310
1300
1300
1300
1320
1360
1360
1330
1350
1400
1430
1430
1450
1440
1410
1450
1500
1520
1570
1620
1700
1750
1690
1680
1730
1800
1850
1880
1930
1950
2000
2080
2130
2170
2250
2270
2270
2310
2370
2380
2380
2420
2460
2480
2500
2500
2540
2520
2520
2500
2510
2290
2130
1970
1820
1750
1710
1610
1520
1450
1350
1400
1290
1260
1200
1280
1230
1200
1120
1150
1220
1140
1080
990
1000
960
950
900
920
900
930
940
1010
950
920
950
980
990
990
980
980
990
990
990
1010
1000
1000
990
1000
1040
1000
970
1050
1090
1070
1090
1120
1140
1120
1170
1180
1180
1200
1250
1250
1260
1320
1320
1340
1350
1380
1360
1380
1430
1490
1500
1480
1470
1550
1520
1550
1640
1600
1560
1560
1640
1660
1630
1650
1630
1680
1710
1730
1700
1800
1800
1820
1830
1850
1930
1900
2020
1940
1990
1970
1960
2000
1980
2050
2130
2060
2120
2090
2090
2130
2120
2190
2200
2190
2170
2180
2230
2230
2250
2300
2230
2210
2290
2340
2320
2300
2320
2330
2330
2310
2300
2310
2300
2310
2320
2250
2270
2270
2290
2270
2270
2260
2320
2300
2240
2310
2290
2340
2360
2330
2390
2360
2400
2390
2410
2420
2390
2410
2430
2410
2420
2420
2450
2430
2490
2400
2420
2370
2460
2180
2080
1940
1860
1880
1760
1680
1620
1580
1390
1280
1200
1130
1220
1150
1080
1080
1130
1150
1120
1110
1080
1120
1120
1070
1130
1050
1070
1040
990
1000
970
1020
1040
1010
1070
1050
1040
1060
1050
1070
1080
1090
1120
1130
1150
1110
1150
1190
1150
1160
1160
1130
1110
1100
1150
1160
1220
1180
1150
1160
1170
1190
1210
1260
1280
1320
1390
1330
1330
1280
1350
1290
1390
1480
1450
1450
1430
1420
1370
1410
1500
1530
1470
1420
1430
1500
1470
1400
1360
1420
1510
1620
1520
1490
1600
1640
1660
1710
1740
1890
1880
1950
1990
2050
2060
2040
2010
2040
2040
2030
2140
2050
2040
2040
2050
2020
2060
2070
2090
2090
2190
2170
2210
2160
2170
2180
2220
2220
2250
2280
2290
2300
2340
2350
2380
2410
2410
2410
2410
2430
2510
2490
2510
2530
2480
2510
2580
2450
2480
2550
2490
2520
2540
2590
2610
2610
2570
2590
2610
2610
2560
2610
2660
2680
2680
2720
2760
2810
2410
2590
2500
2370
2420
2430
2430
2410
2430
2410
2390
2410
2370
2390
2450
2490
2410
2440
2480
2500
2580
2600
2520
2530
2570
2540
2630
2610
2660
2630
2610
2630
2640
2650
2650
2650
2660
2680
2640
2620
2610
2590
2610
2620
2630
2660
2690
2740
2740
2770
2810
2750
2810
2820
2920
2870
2860
2830
2860
2830
2840
2860
2910
2430
2350
2290
2190
2060
1940
1940
2020
1920
1910
1770
1590
1670
1670
1610
1580
1550
1550
1560
1610
1650
1680
1700
1770
1790
1790
1790
1860
1760
1840
1920
1940
1930
2010
2010
2030
2040
2080
2070
2060
2180
2250
2440
2490
2540
2580
2580
2590
2620
2590
2590
2650
2350
2130
2160
2220
2290
2290
2240
2150
2200
2170
2260
2210
2170
2180
2170
2100
2090
2060
2040
2000
2000
1970
2010
2010
1980
2050
2120
2050
2150
2160
2170
2230
2100
2080
2060
2130
2130
2130
2170
2140
2160
2180
2170
2180
2210
2250
2300
2300
2140
2190
2260
2310
2250
2270
2240
2310
2240
2210
2260
2100
2080
2000
1870
1950
1890
1800
1760
1750
1710
1660
1530
1300
1330
1350
1370
1370
1470
1410
1420
1300
1320
1250
1160
1230
1250
1190
1220
1240
1230
1240
1270
1270
1300
1300
1310
1340
1360
1320
1340
1370
1290
1310
1330
1340
1380
1340
1400
1420
1410
1440
1420
1450
1460
1400
1380
1450
1510
1490
1370
1410
1360
1420
1490
1510
1480
1580
1640
1560
1530
1610
1560
1540
1510
1530
1510
1500
1520
1490
1560
1570
1590
1580
1610
1600
1600
1580
1540
1660
1650
1690
1730
1870
1850
1830
1800
1840
1840
1820
1860
1910
1930
1940
1950
2000
1950
1970
1990
2050
2060
2100
2120
2180
2170
2210
2210
2270
2270
2210
2200
2190
2180
2190
2220
2260
2290
2300
2310
2290
2230
2160
2180
2210
2080
2190
2260
2270
2250
2400
2350
2340
2320
2320
2330
2290
2250
2260
2340
2290
2300
2270
2240
2210
2190
2250
2210
2290
2200
2200
2100
2120
2110
2090
2060
2040
1960
1930
1930
1900
1870
1900
1940
1790
1850
1800
1810
1800
1780
1790
1800
1860
1950
2020
2000
2060
1950
1890
1820
1840
1830
1880
1860
1840
2050
2070
2120
2140
2210
2190
2110
2080
2130
2120
2090
2140
2180
2050
2140
2130
2190
2170
2230
2230
2340
2250
2300
2310
2330
2390
2400
2390
2390
2360
2300
2370
2400
2390
2420
2450
2450
2450
2470
2450
2440
2420
2430
2500
2470
2560
2550
2600
2610
2610
2520
2340
2250
2170
2130
2080
2030
1960
1970
1960
1870
1890
1820
1790
1780
1800
1760
1770
1740
1700
1670
1660
1640
1700
1680
1660
1760
1730
1810
1840
1840
1850
1880
1900
1910
1860
1820
1830
1850
1730
1830
1810
1870
1840
1810
1790
1800
1740
1730
1790
1720
1610
1580
1550
1510
1600
1660
1730
1760
1760
1790
1750
1870
2020
1920
1980
2020
2000
2030
2050
2090
2160
2180
2180
2120
2100
2150
2120
2120
2110
2150
2140
2130
2240
2210
2170
2220
2180
2270
2170
2180
2220
2160
2250
2250
2260
2300
2290
2300
2350
2390
2370
2400
2400
2370
2460
2430
2430
2430
2480
2460
2380
2400
2470
2420
2460
2520
2430
2480
2450
2540
2490
2500
2530
2490
2400
2300
2260
2350
2270
2380
2300
2260
2370
2290
2410
2300
2290
2380
2370
2410
2430
2450
2490
2460
2460
2450
2420
2400
2420
2420
2490
2560
2520
2580
2610
2630
2640
2560
2690
2610
2650
2650
2660
2630
2520
2660
2650
2710
2670
2680
2640
2590
2540
2560
2560
2540
2590
2580
2520
2570
2510
2510
2660
2500
2480
2430
2440
2450
2490
2530
2590
2620
2620
2650
2690
2710
2610
2640
2610
2690
2710
2740
2740
2750
2870
2820
2870
2800
2800
2810
2640
2530
2430
2330
2320
2260
2280
2260
2240
2250
2230
2260
2230
2220
2250
2250
2280
2270
2250
2260
2240
2330
2500
2470
2480
2440
2500
2560
2570
2570
2600
2570
2580
2690
2820
2770
2780
2820
2870
2870
2900
2930
2980
2930
2810
3000
3010
2820
2850
2780
2830
2870
2780
2770
2760
2740
2710
2680
2650
2650
2650
2670
2720
2720
2770
2820
2810
2770
2770
2750
2730
2740
2690
2660
2710
2730
2660
2650
2680
2620
2650
2620
2640
2640
2620
2670
2690
2690
2680
2790
2770
2800
2800
2740
2780
2710
2730
2690
2660
2630
2600
2640
2640
2610
2660
2660
2660
2720
2750
2810
2830
2900
2870
2860
2930
2930
2890
2890
2910
2920
2980
3010
2780
2870
2870
2850
2810
2740
2700
2590
2520
2450
2330
2260
2210
2150
2210
2120
2150
2080
2080
2060
2090
2050
1970
1970
1940
1970
1940
1920
1900
1810
1770
1750
1680
1710
1660
1660
1640
1680
1630
1710
1740
1750
1610
1720
1690
1710
1750
1750
1760
1710
1720
1720
1700
1650
1700
1710
1730
1730
1740
1750
1770
1790
1770
1800
1890
1730
1740
1710
1740
1680
1750
1790
1810
1810
1810
1850
1890
1880
1870
1870
1910
1940
1990
2030
2020
2010
2050
2150
2100
2090
2140
2140
2090
2180
2100
1990
2160
2060
2050
2170
2140
2080
2160
2150
2080
2040
2040
2030
2100
2130
2150
2210
2230
2200
2240
2170
2190
2150
2170
2130
2020
2010
2080
2060
2000
1940
1980
2080
2090
2130
2170
2110
2130
2120
2110
2080
2060
1940
1920
2020
2060
2000
1910
1860
1790
1990
1960
2060
1810
1660
1940
2050
2040
2080
2090
2060
1890
1850
2190
2230
2200
2250
2360
2350
2520
2640
2680
2810
2840
2900
2930
2920
2960
2960
2990
3020
3000
3030
2840
2860
2470
2430
2430
2480
2490
2490
2480
2440
2460
2370
2310
2290
2270
2250
2230
2180
2130
2240
2210
2180
2180
2230
2220
2240
2260
2370
2410
2400
2360
2370
2310
2340
2360
2330
2320
2300
2240
2230
2260
2250
2270
2330
2370
2470
2510
2540
2550
2590
2650
2750
2750
2820
2830
2900
2890
2880
2910
2900
2900
2900
2580
2650
2590
2610
2580
2600
2610
2630
2610
2610
2590
2560
2500
2430
2540
2600
2540
2550
2430
2510
2470
2440
2330
2310
2350
2420
2390
2430
2530
2530
2530
2570
2530
2520
2530
2590
2640
2570
2520
2600
2440
2560
2540
2560
2630
2640
2630
2660
2680
2720
2660
2710
2690
2740
2800
2860
2880
2870
2880
2920
2880
3070
3090
3190
3100
3030
3050
3140
2870
2810
2690
2610
2720
2740
2610
2650
2670
2680
2670
2650
2660
2650
2620
2810
3080
3160
3230
3240
3210
3270
3290
3290
3310
3320
3340
3310
3290
3290
3290
3270
3270
3280
3250
3230
3230
3210
3210
3220
3230
3220
3270
3330
3350
3390
3310
3330
3290
3330
3330
3320
3320
3310
3310
3310
3290
3270
3290
3270
3270
3250
3290
3290
3280
3270
3230
3300
3340
3370
3370
3270
3230
3250
3180
3170
3200
3130
3170
3140
3230
3270
3270
3260
3240
3190
3210
3160
3220
3190
3210
3330
3330
3410
3480
3350
3390
3350
3310
3260
3190
3190
3210
3220
3170
3150
3150
3130
3110
3090
3110
3080
3100
3140
3250
3180
3230
3210
3210
3270
3200
3270
3210
3230
3230
3100
3010
2850
2850
2830
2850
2880
2890
2860
2850
2830
2840
2870
2890
2880
2830
2800
2730
2740
2710
2720
2690
2660
2600
2610
2660
2690
2730
2740
2760
2760
2770
2760
2770
2840
2980
3050
3080
3080
3150
3210
3170
3260
3320
3370
3270
3370
3320
3380
3340
3370
3330
3280
3280
3440
3440
3110
3240
3410
3400
3350
3420
3430
3360
3400
3410
3410
3310
3360
3290
3250
3310
2980
3100
3080
3050
2940
2940
2960
2890
2820
2890
2960
2920
2840
2870
2950
2940
2930
2940
2930
2950
2960
2910
2950
3050
3050
3050
3050
3230
3310
3300
3260
3320
3280
3320
3360
3380
3390
3350
3400
3410
3430
3360
3450
3360
3410
3350
3100
2910
2810
2710
2650
2540
2490
2420
2420
2330
2320
2300
2370
2420
2330
2350
2250
2390
2390
2500
2390
2410
2420
2370
2310
2170
2250
2250
2440
2400
2500
2450
2570
2510
2570
2610
2730
2840
2980
3130
3380
3140
3150
3020
3100
3000
3030
2920
3050
2690
2520
2600
2690
2740
2770
2810
2870
2940
2910
3010
3070
3100
3200
3230
3270
3370
3590
3510
2980
3030
2980
2930
2970
2920
2950
2910
2920
2920
2960
2960
2960
3000
2970
2990
2960
3010
3050
3070
3150
3130
3130
3080
3000
3010
3080
3080
3100
3010
2980
3010
3190
3140
3120
3150
3170
2960
3030
3050
3120
3160
3210
3150
3190
3240
3260
3320
3330
3310
3270
3070
3350
3330
3330
3420
3360
3310
3340
3360
3320
3340
3360
3360
3420
3460
3430
3440
3440
3490
3490
3560
3510
3420
3490
3470
3480
3520
3520
3520
3530
3570
3530
3530
3530
3320
3210
3440
3510
3480
3490
3490
3570
3550
3520
3550
3400
3560
3280
3240
3230
3290
3210
3210
3290
3290
3340
3340
3260
3160
3010
2990
2970
3030
3170
3210
3120
3150
3030
3080
3040
2790
2770
2850
2900
2840
2820
2900
2850
2890
2840
2930
2720
2650
2640
2890
2960
2830
2880
2860
2690
2560
2640
3000
2900
2940
2840
2850
2900
2890
2930
2930
3060
3120
3070
3050
3120
3160
3210
3120
3160
3150
3090
3190
3200
3240
3090
3090
3020
3020
3110
3060
2990
2690
2740
2530
2600
2910
2850
2930
3000
3000
3030
2940
3000
3010
3080
3120
3070
3150
3190
3150
3100
3080
3030
3050
3000
2910
2920
2860
2910
2870
2910
2980
2940
3000
3010
3100
3120
3160
3100
3130
3200
3190
3200
3220
3230
3220
3260
3240
3220
3250
3290
3310
3310
3290
3350
3390
3350
3370
3400
3460
3370
3390
3420
3540
3500
3450
3400
3440
3530
3550
3450
3440
3400
3310
3370
3390
3330
3410
3430
3430
3480
3480
3480
3500
3430
3390
3440
3480
3470
3510
3330
3160
3050
2990
3010
2980
3030
2990
2980
2980
2960
2930
2980
2980
2940
2960
2890
2760
2590
2500
2410
2400
2500
2460
2480
2430
2520
2460
2490
2530
2600
2590
2690
2720
2750
2770
2750
2720
2680
2750
2780
2780
2770
2860
2860
2900
2900
3000
2950
3030
2990
3060
3010
3060
3070
3100
3150
3210
3110
3270
3190
3090
3040
2990
2960
2960
2950
2940
2930
2860
2790
2770
2840
2690
2680
2730
2620
2640
2640
2660
2630
2600
2650
2640
2690
2650
2630
2690
2710
2660
2770
2890
2780
2960
2900
2900
2940
2990
3020
3080
3030
3050
3070
3090
3140
3230
3180
3290
3270
3310
3390
3330
3160
3180
3010
3490
3490
3460
3510
3450
3420
3590
3440
3410
3420
3380
3390
3510
3470
3330
3270
3230
3140
3270
3270
3250
3230
3250
3270
3310
3370
3290
3370
3320
3230
3210
3360
3290
3250
3330
3210
3280
3250
3290
3310
3230
3210
3210
3100
3210
3230
3130
3120
3180
3370
3320
3330
3310
3130
3420
3420
3390
3330
3380
3310
3290
3290
3330
3290
3190
3160
3180
3210
3170
3170
3100
3140
3190
3270
3210
3090
3240
3240
3250
3270
3100
3100
3110
3100
3080
3070
3050
3070
3030
3000
2960
2910
2810
2760
2690
2750
2770
2820
2790
2860
2840
2800
2780
2790
2760
2710
2710
2720
2670
2640
2600
2690
2590
2550
2620
2840
2730
2770
2860
2770
2550
2640
2530
2570
2610
2630
2560
2730
2820
2870
2900
3060
3090
3190
3340
3340
3400
3400
3400
3440
3440
3290
3440
3550
3660
3680
3460
3420
3230
3330
3400
3310
3420
3690
3680
3700
3700
3660
3660
3700
3640
3640
3600
3600
3600
3600
3560
3560
3580
3600
3590
3630
3640
3610
3590
3610
3620
3640
3440
3600
3640
3620
3640
3680
3640
3680
3680
3600
3560
3580
3580
3560
3470
3500
3570
3610
3650
3590
3530
3440
3670
3650
3650
3630
3630
3430
3640
3620
3520
3450
3490
3500
3520
3500
3460
3470
3470
3550
3450
3400
3450
3500
3580
3490
3530
3450
3500
3510
3530
3510
3490
3450
3490
3470
3490
3470
3430
3430
3510
3510
3550
3530
3560
3560
3580
3540
3600
3530
3540
3530
3500
3530
3550
3570
3550
3470
3490
3470
3470
3460
3470
3450
3490
3460
3570
3550
3650
3540
3570
3460
3620
3590
3490
3580
3500
3510
3550
3530
3510
3450
3510
3520
3580
3560
3560
3560
3560
3580
3550
3610
3670
3710
3660
3630
3680
3810
3750
3660
3690
3630
3630
3690
3630
3730
3690
3630
3670
3640
3670
3600
3600
3410
3650
3740
3730
3660
3700
3700
3700
3830
3680
3750
3710
3710
3690
3710
3710
3690
3730
3690
3540
3550
3490
3610
3590
3590
3590
3630
3710
3730
3630
3670
3720
3610
3510
3520
3630
3670
3650
3670
3670
3670
3650
3630
3600
3550
3590
3600
3590
3530
3590
3630
3580
3560
3670
3570
3580
3600
3650
3560
3490
3480
3590
3530
3550
3510
3470
3530
3540
3530
3490
3450
3470
3470
3460
3440
3540
3490
3540
3630
3490
3420
3390
3520
3360
3350
3350
3330
3410
3430
3470
3360
3450
3480
3510
3510
3410
3470
3510
3520
3490
3460
3490
3490
3490
3580
3490
3510
3610
3610
3530
3570
3570
3590
3610
3590
3530
3490
3530
3550
3410
3570
3500
3500
3530
3530
3620
3640
3580
3510
3560
3510
3490
3500
3530
3550
3510
3550
3530
3610
3590
3570
3490
3570
3530
3430
3550
3500
3530
3520
3560
3660
3670
3540
3660
3570
3640
3550
3570
3610
3650
3590
3670
3690
3670
3710
3650
3650
3630
3630
3610
3580
3600
3700
3650
3660
3570
3720
3660
3620
3590
3660
3690
3630
3650
3670
3650
3670
3670
3670
3710
3610
3670
3730
3670
3690
3710
3590
3640
3700
3490
3670
3570
3620
3720
3580
3460
3520
3500
3570
3630
3650
3530
3550
3470
3510
3510
3570
3560
3620
3660
3550
3530
3600
3510
3380
3530
3530
3470
3290
3280
3440
3420
3480
3380
3380
3400
3490
3360
3450
3450
3480
3520
3620
3490
3620
3590
3400
3460
3430
3580
3550
3450
3530
3540
3500
3480
3480
3460
3460
3440
3420
3300
3460
3510
3400
3500
3470
3540
3480
3700
3590
3480
3420
3470
3410
3430
3440
3430
3300
3500
3440
3400
3380
3190
3280
3130
3200
3240
3260
3240
3160
3180
3180
3300
3350
3290
3390
3340
3290
3210
3220
3190
3280
3200
3160
3310
3290
3270
3340
3190
3240
3220
3320
3340
3440
3570
3600
3640
3650
3720
3710
3670
3740
3650
3650
3640
3710
3690
3620
3760
3650
3650
3630
3610
3610
3670
3610
3710
3690
3730
3730
3600
3670
3730
3740
3830
3790
3710
3750
3730
3640
3710
3690
3650
3650
3630
3610
3570
3610
3610
3560
3640
3650
3760
3710
3740
3730
3700
3640
3600
3660
3640
3490
3450
3530
3520
3460
3460
3350
3450
3430
3470
3450
3350
3460
3470
3670
3520
3550
3790
3600
3490
3490
3370
3620
3310
3270
3350
3130
2720
2990
2850
3190
3190
3210
3170
3100
3120
3240
3330
3260
3330
3390
3350
3270
3400
3340
3320
3250
3260
3220
3160
3180
3040
3650
3440
3710
3690
3710
3650
3710
3750
3770
3690
3690
3750
3790
3760
3810
3830
3800
3760
3780
3760
3710
3740
3690
3740
3710
3690
3670
3670
3650
3530
3550
3590
3570
3570
3610
3640
3570
3700
3730
3760
3690
3670
3640
3600
3690
3630
3570
3690
3760
3760
3730
3590
3590
3610
3590
3630
3570
3650
3670
3610
3620
3530
3700
3720
3670
3620
3610
3710
3650
3610
3630
3570
3570
3500
3500
3500
3570
3550
3530
3590
3550
3540
3640
3650
3650
3530
3750
3580
3580
3570
3530
3600
3430
3480
3480
3380
3360
3360
3360
3500
3460
3460
3380
3410
3420
3460
3510
3480
3530
3470
3540
3420
3450
3440
3520
3580
3560
3540
3500
3550
3460
3530
3380
3420
3510
3430
3430
3450
3440
3540
3490
3540
3570
3590
3460
3620
3550
3520
3490
3550
3460
3520
3440
3340
3200
3180
3020
3130
3130
3090
3170
3080
3110
3170
3210
3160
3230
3160
3140
3090
3240
3180
3250
3270
3230
3050
3180
3140
3140
3210
3130
3190
3230
3250
3290
3170
3170
3170
3150
3260
3290
3290
3240
3220
3280
3190
3310
3350
3470
3450
3460
3440
3380
3340
3330
3270
3270
3250
3160
3250
3250
3250
3250
3320
3300
3240
3250
3340
3220
3200
3210
3170
3240
3210
3130
3210
3220
3240
3240
3290
3170
3250
3210
3190
3200
3290
3200
3400
3350
3410
3370
3340
3240
3420
3330
3280
3180
3190
3160
3100
3120
3180
3130
3230
3150
3110
3140
3180
3090
3110
3160
3220
3200
3210
3140
3170
3150
3220
3250
3230
3210
3230
3210
3290
3330
3330
3360
3250
3210
3270
3270
3170
3180
3360
3370
3240
3080
3120
3400
3330
3260
3230
3240
3250
3160
3160
3100
3080
2990
3050
3100
3090
3040
3110
3160
3160
3130
3190
3360
3290
3300
3160
3090
3100
3120
3050
3180
3240
3210
3380
3340
3350
3360
3470
3390
3320
3350
3350
3330
3330
3300
3300
3300
3360
3300
3310
3340
3360
3490
3480
3360
3380
3360
3450
3440
3400
3410
3450
3500
3250
3500
3450
3480
3250
3290
3450
3430
3270
3320
3610
3540
3520
3440
3430
3380
3400
3340
3390
3350
3350
3410
3350
3410
3310
3350
3390
3330
3350
3310
3300
3290
3360
3330
3480
3480
3530
3460
3420
3510
3340
3230
3280
3240
3260
3180
3310
3310
3330
3230
3210
3230
3210
3250
3260
3240
3240
3420
3440
3450
3460
3490
3440
3470
3440
3420
3440
3430
3360
3350
3370
3330
3350
3370
3290
3230
3210
3150
3290
3280
3350
3220
3380
3040
3200
3070
3140
3100
3080
3230
3230
3270
3170
3280
3280
3310
3250
3060
3180
3200
3250
3230
3350
3250
3280
3130
3190
3270
3380
3480
3170
3280
3250
3210
3290
3310
3310
3310
3330
3310
3310
3310
3380
3380
3380
3440
3120
3380
3390
3480
3380
3210
3150
3210
3190
3320
3280
3410
3410
3470
3400
3390
3310
3310
3270
3270
3310
3300
3270
3290
3460
3400
3280
3290
3350
3340
3160
3300
3250
3240
3340
3380
3330
3380
3320
3400
3340
3400
3400
3430
3390
3410
3390
3450
3500
3440
3540
3520
3430
3470
3460
3450
3410
3400
3500
3420
3430
3350
3360
3450
3410
3370
3330
3270
3250
3270
3330
3420
3520
3470
3440
3390
3440
3480
3400
3530
3570
3490
3420
3450
3470
3410
3360
3390
3360
3320
3300
3250
3260
3240
3320
3670
3650
3550
3610
3650
3610
3650
3690
3650
3710
3630
3650
3670
3650
3670
3650
3650
3650
3590
3570
3570
3550
3530
3570
3510
3480
3560
3560
3550
3590
3550
3550
3570
3560
3500
3550
3530
3550
3510
3510
3530
3530
3490
3470
3490
3510
3470
3530
3530
3570
3610
3650
3710
3590
3520
3620
3550
3580
3580
3580
3550
3490
3510
3490
3490
3450
3430
3410
3390
3350
3370
3390
3330
3280
3410
3340
3320
3430
3420
3440
3360
3420
3180
3290
3290
3390
3430
3410
3430
3450
3310
3290
3190
3230
3210
3170
3230
3340
3280
3330
3440
3260
3130
3120
3200
3100
3290
3270
3210
3240
3250
3190
3210
3190
3210
3210
3160
3140
3180
3200
3230
3240
3190
3220
3180
3200
3350
3260
3260
3310
3030
3160
3180
3260
3240
3280
3320
3190
3270
3250
3250
3210
3250
3270
3290
3260
3260
3260
3260
3340
3270
3300
3440
3220
3220
3320
3290
3170
3240
3240
3250
3290
3150
3250
3210
3230
3270
3210
3310
3240
3360
3290
3300
3260
3320
3330
3320
3260
3300
3350
3250
3380
3340
3300
3300
3430
3440
3390
3390
3310
3230
3250
3270
3440
3450
3330
3430
3600
3550
3510
3450
3470
3290
3270
3330
3460
3630
3590
3570
3570
3610
3610
3610
3590
3590
3510
3530
3550
3480
3510
3510
3480
3580
3490
3570
3600
3600
3640
3630
3580
3540
3560
3570
3590
3570
3590
3570
3590
3610
3590
3530
3380
3300
3580
3420
3420
3370
3230
3250
3260
3420
3290
3400
3340
3420
3510
3490
3460
3480
3480
3460
3460
3350
3280
3250
3310
3510
3430
3500
3390
3400
3570
3450
3490
3350
3300
3270
3440
3430
3470
3490
3370
3330
3310
3350
3480
3430
3370
3330
3430
3400
3340
3350
3340
3360
3380
3380
3310
3410
3350
3460
3330
3510
3510
3370
3450
3390
3430
3450
3450
3430
3470
3450
3510
3490
3530
3550
3530
3520
3510
3510
3510
3510
3560
3530
3570
3570
3550
3590
3540
3530
3520
3540
3510
3540
3520
3540
3630
3510
3580
3640
3570
3580
3620
3550
3480
3490
3490
3520
3550
3550
3530
3570
3530
3570
3490
3530
3510
3510
3410
3350
3290
3530
3530
3550
3250
3290
3250
3250
3250
3380
3100
3190
3190
3160
3270
3130
3190
3330
3290
3250
3170
3210
3310
2980
3180
3250
3100
3330
3440
3120
3000
3170
3210
3170
3250
3290
3290
3350
3390
3410
3450
3370
3390
3350
3270
3270
3310
3250
3430
3360
3440
3480
3360
3360
3270
3380
3390
3410
3180
3300
3350
3280
3350
3370
3350
3290
3370
3290
3330
3310
3140
3250
3150
3240
3330
3240
3250
3250
3170
3150
3260
3240
3290
3240
3260
3190
3230
3310
3310
3250
3310
3310
3290
3310
3250
3270
3310
3290
3380
3420
3330
3350
3350
3530
3330
3260
3290
3240
3310
3310
3230
3100
3200
3080
3230
3270
3210
3210
3210
3200
3200
3120
3140
3120
3140
2970
3260
3220
3070
3100
3150
3170
2950
3080
3120
3150
3210
3090
3140
3120
3100
3070
3090
3120
3220
3040
3120
3200
3070
3220
3150
3160
3070
3040
2890
3130
3220
3180
3180
3190
3190
3190
3150
3160
3160
3180
3180
3180
3260
3090
3190
3200
3260
3090
3040
3180
3230
3150
3130
3200
3150
3240
3220
3220
3280
3310
3410
3330
3370
3420
3290
3270
3230
3200
3250
3150
3310
3260
3070
3260
3270
3110
3180
3130
3150
3110
3130
3240
3240
3320
3220
3260
3180
3270
3210
3290
3320
3100
3310
3200
3290
3220
3520
3250
3200
3380
3250
3230
3280
3310
3290
3310
3340
3320
3280
3280
3320
3280
3330
3280
3350
3300
3270
3380
3290
3360
3390
3430
3260
3310
3390
3330
3330
3380
3310
3340
3320
3240
3240
3300
3280
3310
3250
3210
3230
3280
3290
3360
3340
3470
3310
3300
3070
3220
3260
3210
3230
3240
3270
3240
3380
3280
3280
3260
3230
3270
3310
3250
3320
3130
3320
3320
3260
3380
3320
3210
3280
3380
3070
3150
3240
3200
3230
3300
3150
3170
3190
3180
3210
3230
3210
3310
3310
3270
3300
3290
3330
3450
3210
3280
3350
3230
3250
3280
3240
3200
3270
3330
3340
3280
3360
3260
3220
3240
3220
3240
3230
3280
3210
3360
3160
3330
3330
3080
3100
3270
3060
3140
3180
3190
3190
3220
3230
3210
3190
3150
3160
3140
3120
3170
3270
3340
3320
3350
3330
3220
3330
2980
3120
3140
3150
3180
3120
3190
3210
3260
3280
3260
3280
3070
3110
3180
3280
3240
3250
3250
3200
3280
3350
3250
3200
3100
3210
3310
3160
3160
3210
3230
3220
3240
3260
3310
2890
3080
3180
3180
3210
3230
3230
3350
3340
3080
3310
3390
3330
3040
3080
3090
3210
3260
3220
3320
3230
3160
2950
3020
3090
3100
3100
3240
3180
3130
3310
3290
3400
3300
3360
3260
3180
3260
3190
3160
3270
3210
3240
3190
3180
3190
3170
3130
3180
3130
3170
3170
3030
3150
3240
3240
3210
3210
3040
3130
3100
3030
3200
3170
3080
3180
3250
3260
3210
3150
3130
3210
3230
3150
3130
3210
3250
3250
3230
3300
3360
3290
3240
3210
3260
3160
3140
3330
3320
3220
3290
3310
3310
3290
3300
3340
3280
3160
3230
3290
3270
3190
3270
3180
3250
3560
3130
3000
3260
3070
3300
3130
3290
3380
3300
3260
3300
3280
3260
3290
3310
3310
3270
3250
3270
3420
3380
3370
3260
3270
3260
3310
3360
3430
3230
3270
3160
3250
3240
3230
3220
3150
3180
3180
3240
3310
3310
3290
3250
3270
3260
3350
3320
3190
3040
3220
3310
3170
3000
3380
3330
3290
3320
3240
3190
3130
3300
3220
3200
3180
3170
3190
3250
3250
3300
3250
3300
3150
3110
3190
3170
3240
3410
3230
3100
3230
3180
3000
3170
3210
3260
3290
3270
3270
3170
3280
3240
3170
3120
3060
3110
3200
3240
3410
3220
3210
3220
3250
3210
3210
3200
3180
3210
3210
3240
3170
3230
3260
3240
3050
3330
3350
3350
3370
3350
3360
3320
3350
3270
3290
3150
3130
3050
3070
3220
3300
3210
3210
3220
3240
3260
3250
3260
3240
3160
3180
3200
3070
3120
3120
3350
3370
3450
3320
3280
3130
3140
3280
3240
3320
3340
3360
3250
3290
3220
3260
3260
3230
3250
3230
3280
3140
3220
3190
3290
3420
3410
3280
3200
3240
3290
3390
3350
3420
3330
3300
3340
3170
3270
3390
3370
3400
3410
3330
3460
3520
3370
3400
3470
3620
3630
3500
3500
3460
3290
3390
3460
3570
3480
3460
3400
3550
3460
3420
3420
3320
3330
3410
3320
3360
3430
3410
3380
3500
3430
3400
3490
3430
3330
3360
3340
3420
3440
3440
3350
3360
3360
3400
3460
3440
3380
3340
3310
3420
3360
3330
3400
3400
3430
3350
3310
3340
3330
3220
3290
3250
3270
3250
3220
3220
3220
3210
3230
3190
3210
3250
3280
3210
3140
3080
3200
3170
3270
3370
3290
3200
3280
3240
3290
3380
3420
3430
3360
3330
3270
3210
3100
3040
2950
3020
2920
2910
2860
2870
2690
2870
2900
3000
3010
3090
3160
3130
3130
3160
3160
3170
2970
3060
3030
2960
2990
2940
3000
3180
3180
3310
3390
3440
3470
3600
3450
3550
3360
3260
3270
3220
3200
3230
3400
3230
3270
3310
3250
3280
3090
3050
3180
3220
3200
3220
3230
3360
3220
3330
3330
3180
3320
3330
3300
3310
3300
3210
3250
3280
3300
3280
3310
3300
3240
3300
3320
3260
3290
3300
3350
3280
3350
3330
3330
3300
3280
3230
3160
3030
3040
3090
3140
3190
3190
3210
3230
3130
3150
3070
3130
3210
3090
3090
3080
3010
3060
3170
3050
3000
3210
3290
3360
3320
3270
3170
3290
3260
3310
3370
3230
3210
3210
3070
3160
3230
3140
3270
3330
3300
3420
3180
3320
3280
3260
3240
3320
3200
3150
3230
3150
3270
3190
3230
3230
3110
3100
3040
3190
3140
3160
3270
3350
3280
3180
3200
3220
3230
3160
3080
3180
3160
3140
3150
3110
3230
3170
3170
3140
3140
3100
3140
3030
3070
3090
3160
3090
3070
2900
3120
3110
3210
3030
3190
3100
3200
3250
3190
3160
3300
3220
3170
3210
3210
3170
3230
3170
3120
3140
3070
3080
2940
2980
2920
2840
2760
2760
2730
2760
2680
2630
2600
2580
2620
2600
2610
2660
2630
2600
2600
2590
2600
2680
2710
2640
2760
2660
2620
2620
2560
2490
2570
2760
2700
2680
2750
2670
2660
2620
2560
2610
2670
2640
2620
2600
2620
2700
2680
2740
2680
2530
2480
2430
2440
2500
2540
2730
2810
2890
3020
3040
3140
3190
3100
3050
2910
3060
2940
2940
3100
3190
3150
3000
2980
2960
3010
2970
2990
2920
2900
2960
3080
2960
3000
3000
3040
3010
2970
3000
2900
2940
2910
2890
2860
2940
2950
2850
2730
2840
2810
2920
2840
3110
2810
2840
2920
2990
2940
2950
2920
2870
2920
3070
3030
3010
2930
2990
3030
3100
3100
2930
3020
2950
2960
2740
2900
2840
2870
2960
3000
3030
3010
3030
2990
3010
3010
3000
2960
2960
3000
2960
2980
2960
2900
2940
2950
2890
2860
2950
2850
2840
2860
2900
2910
2870
2910
2890
2900
2810
2770
2720
2720
2690
2710
2450
2460
2500
2440
2480
2500
2410
2640
2630
2540
2340
2330
2290
2400
2500
2360
2660
2330
2380
2170
2000
1970
1910
1760
1860
1960
1870
2030
1900
2130
1960
1980
2070
2050
2060
2150
2270
2330
2070
2220
2070
2180
2200
2200
2230
2310
2320
2150
2090
2180
2300
2320
2220
2260
2230
2280
2300
2320
2410
2300
2290
2260
2100
2050
2080
2170
2100
2170
2170
2100
2080
2120
2140
2030
1920
2010
2070
1990
1960
2030
1840
1870
1920
1830
1850
1850
1820
1880
2140
1980
1940
2020
2140
2300
2240
1990
2070
1960
1900
1820
1870
1650
2030
2070
2180
2150
1930
2130
2110
2200
2090
2020
1900
2030
2150
2410
2410
2500
2540
2290
2320
2440
2520
2490
2670
2630
2460
2410
2230
2190
2330
2350
2430
2400
2370
2330
2370
2580
2760
2790
2820
2770
2870
2830
2790
2810
2910
2910
2980
2960
2950
2960
2980
3000
2930
2900
2910
2920
2920
2920
2880
2870
2850
2890
2960
2870
2890
2800
2850
2870
2800
2960
2850
2970
2840
2830
2800
2810
2780
2820
2790
2860
2870
2680
2800
2680
2730
2770
2740
2720
2750
2720
2700
2760
2770
2700
2680
2680
2650
2710
2620
2670
2620
2660
2640
2650
2690
2810
2690
2790
2680
2690
2660
2610
2660
2680
2640
2690
2710
2820
2740
2720
2650
2630
2570
2460
2370
2340
2330
2230
2150
2190
2210
2240
2150
2140
2030
2050
2020
1940
1970
1910
1930
1950
2000
2000
1990
2020
2060
2040
2010
2010
1850
1830
1850
1780
1770
1720
1760
1750
1730
1700
1800
1670
1740
1830
1810
1710
1670
1610
1670
1700
1750
1760
1850
1670
1660
1760
1760
1710
1700
1700
1620
1690
1670
1720
1740
1650
1630
1660
1660
1620
1620
1590
1500
1620
1660
1600
1760
1850
1770
1860
1850
1990
1980
1990
1950
1950
1930
1930
1930
1940
1970
1940
1990
1910
1910
1830
1810
1900
1900
1810
1710
1730
1830
1920
1950
2000
2150
2070
2110
2120
2150
2140
2240
2170
2160
2140
2240
2220
2170
2090
2110
2140
2030
2000
2000
2080
1970
2020
1950
2000
1980
1900
1960
1940
1920
1930
1840
1900
1980
2070
2160
2100
2070
2130
2150
1980
2050
2140
2330
2430
2280
2330
2410
2400
2460
2400
2420
2480
2520
2460
2380
2370
2370
2320
2250
2270
2260
2090
2240
2390
2420
2490
2510
2450
2480
2480
2570
2690
2580
2600
2650
2510
2630
2810
2840
2850
2870
2990
2940
3050
3090
3030
3020
3030
3060
3010
3040
3050
3030
3010
3090
3120
3090
3100
3070
3080
3070
3030
3000
2980
3000
3000
3010
2970
2950
2970
3010
2950
2960
2970
2960
3010
2990
3070
2940
3070
3090
3090
3120
3140
3080
3120
3170
3080
3020
3000
2860
3030
2980
2940
2810
2720
2730
2610
2560
2380
2410
2330
2180
2040
2100
1970
2090
1950
1910
1960
1900
1970
1940
1980
2050
1970
1880
1990
1950
1970
2130
2210
2190
2270
2180
2310
2350
2170
2250
2240
2240
2200
2190
2170
2130
2160
2170
2130
2100
2080
2080
2090
2000
2040
1940
1980
1900
1910
2070
2080
2100
2080
2130
2160
2170
2180
2150
2160
2190
2200
2230
2250
2320
2310
2330
2420
2410
2440
2360
2310
2320
2350
2380
2480
2500
2560
2600
2610
2760
2740
2740
2730
2720
2720
2720
2750
2810
2780
2730
2830
2870
2870
2820
2860
2820
2810
2730
2770
2770
2740
2740
2730
2740
2710
2710
2650
2650
2600
2600
2600
2710
2750
2860
2800
2690
2560
2450
2440
2200
2050
1970
2080
2090
2210
2230
2250
2210
2100
2030
2130
2140
2070
1990
1880
1860
2010
1830
2090
2150
2180
2060
2090
2020
1960
1940
1980
1990
2170
2060
1910
1920
1890
1970
1930
1970
2040
2090
2100
2010
2080
2170
2080
2130
2120
2150
2050
2080
2130
2130
2240
2310
2330
2370
2320
2380
2230
2180
2190
2280
2190
2100
2110
2230
2260
2200
2400
2340
2390
2280
2170
2190
2160
2160
2190
2360
2210
2220
2380
2440
2490
2560
2540
2600
2570
2570
2550
2630
2680
2560
2490
2810
2730
2790
2670
2690
2830
2800
2860
2870
2760
2770
2770
2720
2770
2710
2690
2710
2710
2740
2790
2820
2740
2770
2770
2830
2810
2800
2800
2780
2740
2720
2780
2810
2850
2850
2830
2850
2840
2840
2820
2810
2740
2690
2710
2760
2670
2600
2730
2870
2820
2720
2660
2520
2430
2400
2520
2390
2400
2370
2340
2330
2210
2060
2040
2020
1870
1840
1770
1870
1910
1780
1820
1730
1640
1680
1610
1580
1570
1570
1540
1320
1380
1410
1590
1510
1440
1550
1570
1460
1440
1440
1570
1560
1570
1540
1570
1540
1580
1620
1550
1530
1400
1440
1550
1470
1470
1490
1460
1520
1610
1610
1530
1610
1610
1620
1560
1570
1560
1470
1490
1560
1510
1620
1610
1620
1640
1670
1640
1610
1620
1620
1640
1640
1660
1660
1680
1690
1690
1690
1720
1760
1760
1800
1670
1680
1500
1700
1770
1690
1660
1680
1740
1720
1680
1630
1670
1690
1970
1790
1760
1610
1700
1690
1680
1740
1780
1730
1700
1740
1690
1730
1790
1840
1880
1860
1840
1840
1820
1820
1850
1820
1810
1810
1810
1810
1820
1890
1990
1990
1940
1940
2060
2140
2030
2110
2150
2060
2100
2140
2120
2150
2200
2170
2150
2190
2210
2210
2210
2270
2480
2430
2400
2380
2330
2270
2320
2310
2200
2140
2090
2230
2250
2170
2180
2180
2160
2170
2130
2090
2060
2110
2090
2070
2060
2080
2050
1910
1890
1830
1730
1770
1820
1820
1770
1690
1680
1670
1700
1890
1790
1730
1730
1680
1710
1730
1720
1710
1760
1770
1740
1790
1780
1790
1740
1800
1860
1850
1830
1810
1820
1810
1870
1910
1860
1870
1870
1900
1920
1900
1900
1910
1840
1870
1840
1850
1800
1820
1890
1940
1940
1880
1890
1810
1990
1980
1910
1950
1930
1870
1860
1860
1810
1860
1850
1840
1940
2040
1920
1850
1790
1790
1780
1770
1870
1740
1760
1730
1760
1700
1730
1740
1650
1620
1810
1800
1700
1680
1710
1630
1780
1790
1820
1920
1800
1710
1790
1780
1820
1750
1770
1730
1700
1620
1630
1560
1650
1760
1880
1980
1930
1880
1880
1840
1840
1760
1650
1730
1700
1760
1700
1760
1740
1850
1880
1910
1910
1950
2020
2060
2220
2320
2320
2320
2440
2320
2250
2260
2230
2210
2170
2160
2200
2130
2230
2290
2290
2290
2340
2440
2430
2460
2520
2470
2450
2560
2510
2420
2420
2460
2440
2300
2270
2310
2360
2250
2270
2340
2390
2310
2330
2350
2340
2350
2300
2190
2170
2240
2200
2290
2250
2210
2080
2040
2030
1980
2030
1920
1980
1940
1930
1890
1870
1850
1820
1800
1790
1830
1810
1980
1930
1930
1810
1860
1750
1690
1670
1680
1620
1580
1600
1560
1560
1560
1650
1600
1550
1620
1540
1520
1560
1570
1570
1570
1600
1610
1680
1730
1720
1720
1720
1850
1930
1940
1940
1890
1900
2000
2050
2060
2130
1950
1990
1960
1930
2040
2040
1990
2070
1930
1940
2050
1970
1960
1980
2010
1910
2010
2130
2150
2110
2110
2210
2190
2260
2310
2360
2390
2330
2270
2400
2460
2460
2260
2210
2370
2270
2160
2230
2150
2220
2200
2210
2160
2310
2300
2190
2290
2240
2390
2260
2220
2420
2360
2520
2390
2390
2250
2360
2390
2340
2280
2270
2300
2300
2180
2190
2170
2170
2180
2140
2230
2220
2210
2280
2200
2220
2240
2250
2220
2270
2290
2290
2250
2170
2220
2230
2230
2240
2210
2250
2290
2290
2310
2340
2380
2390
2410
2380
2410
2440
2470
2520
2510
2550
2550
2570
2610
2540
2610
2640
2610
2630
2610
2580
2580
2590
2580
2680
2600
2660
2610
2670
2660
2550
2620
2510
2540
2520
2470
2440
2430
2400
2490
2450
2480
2580
2560
2500
2460
2430
2450
2630
2610
2560
2460
2370
2300
2290
2250
2240
2200
2190
2190
2220
2340
2370
2430
2430
2460
2570
2490
2550
2590
2650
2700
2750
2730
2770
2770
2900
2770
2990
2970
2990
2900
2860
2840
2810
2740
2760
2770
2760
2740
2740
2730
2680
2710
2680
2710
2740
2720
2820
2780
2770
2830
2820
2820
2820
2820
2840
2840
2850
2840
2840
2790
2820
2790
2800
2830
2830
2870
2850
2900
2960
2960
2970
2880
2890
2920
2850
2800
2840
2820
2810
2790
2810
2760
2760
2810
2760
2770
2730
2730
2740
2740
2740
2760
2770
2870
2900
2820
2870
2840
2840
2730
2770
2740
2720
2740
2690
2760
2760
2790
2790
2850
2840
2740
2620
2310
2250
2180
2140
1970
1950
1940
1920
1840
1810
1730
1830
1780
1630
1560
1540
1460
1410
1350
1440
1680
1610
1590
1500
1420
1590
1490
1510
1460
1480
1480
1480
1440
1450
1390
1360
1350
1360
1390
1410
1430
1430
1410
1420
1410
1380
1320
1460
1640
1640
1610
1710
1700
1700
1690
1740
1800
1890
1950
1910
1940
1960
1950
1910
2030
2030
2230
2330
2460
2480
2570
2550
2680
1970
1830
1800
1750
1720
1680
1670
1650
1580
1490
1450
1480
1380
1330
1220
1210
1090
1170
1150
1130
1240
1280
1280
1290
1240
1240
1190
1130
1130
1080
1140
1140
1180
1250
1220
1170
1130
1070
1140
1040
1120
1050
1070
1100
1130
1040
1070
1060
1130
1080
1180
1160
1090
1100
1160
1230
1110
1220
1150
1230
1170
1170
1140
1110
1120
1150
1170
1210
1320
1340
1250
1220
1140
1200
1270
1320
1330
1540
1510
1490
1450
1450
1500
1540
1610
1650
1630
1650
1690
1790
1600
1570
1620
1620
1640
1620
1660
1600
1640
1580
1510
1660
1620
1660
1620
1590
1690
1700
1900
1990
1970
2040
2060
1930
1970
1980
2010
1940
2020
2010
2000
1990
2050
1840
1980
1850
1810
1870
1790
1690
1730
1840
1780
1870
1880
1870
1920
1950
1970
1970
2000
2060
2140
2040
1940
2020
2070
2070
2040
2100
2160
2220
2150
2270
2310
2310
2320
2340
2530
2580
2500
2560
2550
2460
2490
2450
2420
2380
2380
2460
2380
2300
2300
2320
2290
2140
2190
2150
2110
2090
2100
2050
2010
1980
1900
1900
1880
1860
1800
1890
1920
1960
1900
1880
1820
1810
1710
1630
1630
1620
1600
1540
1580
1680
1630
1600
1570
1590
1560
1460
1460
1440
1370
1290
1220
1270
1270
1220
1240
1240
1210
1220
1180
1240
1220
1190
1180
1190
1210
1180
1170
1150
1160
1180
1170
1160
1220
1190
1150
1190
1260
1290
1290
1330
1390
1350
1360
1370
1330
1390
1410
1390
1460
1440
1460
1530
1540
1560
1590
1590
1700
1690
1610
1640
1640
1660
1710
1780
1800
1810
2040
2050
1930
1900
1960
2070
2180
2170
2180
2170
2180
2160
2160
2160
2180
2160
2120
1930
1880
1760
1640
1510
1460
1390
1390
1360
1350
1320
1300
1180
1120
1060
1020
970
970
900
890
890
800
860
860
890
860
890
980
930
890
890
970
890
890
860
910
950
940
920
890
940
980
900
980
960
1010
970
990
1030
1000
1030
1070
1100
1060
1150
1240
1260
1190
1220
1220
1220
1260
1310
1280
1280
1270
1240
1280
1350
1290
1310
1460
1710
1750
1790
1780
1780
1770
1800
1690
1800
1870
1980
1880
1940
2040
2060
2050
2060
2000
2010
1980
1880
1900
1960
1890
1830
1720
1660
1600
1530
1470
1520
1420
1440
1340
1360
1320
1340
1270
1300
1290
1260
1220
1240
1240
1190
1170
1190
1240
1270
1240
1250
1220
1250
1360
1360
1350
1370
1380
1360
1310
1310
1360
1310
1260
1270
1260
1270
1240
1220
1050
1040
1030
1000
970
1010
930
970
920
930
920
960
970
980
980
1050
1060
990
1030
1100
1090
1090
1210
1110
1030
1100
1150
1170
1240
1330
1330
1240
1220
1510
1420
1460
1380
1460
1490
1590
1570
1570
1610
1640
1640
1680
1720
1810
1770
1710
1720
1740
1770
1790
1850
1980
1950
2000
2070
1990
2040
1970
1970
2010
1950
1890
1850
1820
1790
1740
1660
1630
1580
1580
1590
1560
1540
1520
1530
1520
1530
1510
1570
1560
1510
1590
1610
1600
1600
1660
1600
1640
1660
1620
1610
1680
1660
1670
1590
1600
1590
1580
1570
1570
1540
1510
1530
1460
1520
1450
1460
1440
1480
1560
1620
1490
1440
1410
1400
1460
1450
1440
1460
1480
1510
1570
1780
1870
1740
1750
1790
1850
1850
1840
1960
1890
1950
1940
1920
1930
1980
1990
1980
1960
1860
1920
1840
1860
1850
1880
1970
2040
2050
1960
1990
1970
2010
1970
1950
1860
1820
1830
1790
1760
1690
1620
1540
1540
1460
1350
1330
1350
1300
1190
1130
1210
1210
1140
1110
1070
1020
1050
1020
1060
1070
1110
1070
1070
1040
1040
1030
1060
1040
1060
1000
1050
1060
1080
1120
1070
1110
1090
1120
1110
1180
1210
1260
1250
1200
1180
1190
1160
1160
1130
1150
1130
1180
1220
1240
1280
1230
1180
1250
1210
1210
1280
1280
1310
1330
1280
1290
1290
1210
1220
1200
1250
1180
